20
0.542805 0.920196 0.806363
0.613759 0.754280 0.691734
0.752531 0.574429 0.802201
0.926586 0.577826 0.762286
0.946833 0.588894 0.674764
0.724540 0.727387 0.548623
0.570963 0.859190 0.599166
0.541507 0.948047 0.665121
0.630589 0.875908 0.527206
0.749053 0.863105 0.826376
0.917654 0.746257 0.705423
0.826691 0.607204 0.807448
0.933527 0.749607 0.531342
0.825794 0.526475 0.980115
0.924988 0.700377 0.565086
0.822108 0.513743 0.955247
0.741070 0.790112 0.754334
0.581912 0.623809 0.638813
0.558448 0.902737 0.613984
0.851943 0.771399 0.724012
