20
0.888910 0.690230 0.867442
0.600155 0.612785 0.875209
0.963913 0.648782 0.947667
0.968667 0.643503 0.656412
0.980836 0.701510 0.668530
0.974398 0.933837 0.642453
0.633656 0.849344 0.939519
0.516757 0.548358 0.940513
0.731327 0.650182 0.818547
0.941838 0.953338 0.603218
0.644853 0.924341 0.722295
0.621587 0.718132 0.601762
0.850819 0.701924 0.891645
0.922983 0.717929 0.734315
0.738206 0.970212 0.880704
0.545317 0.965713 0.908862
0.586168 0.856472 0.510762
0.578450 0.985493 0.637828
0.876729 0.593578 0.971805
0.591227 0.589125 0.604290
