20
0.889497 0.684396 0.803194
0.537855 0.665311 0.930453
0.914250 0.621504 0.619824
0.905838 0.798097 0.720805
0.747650 0.519247 0.711690
0.547779 0.535788 0.692238
0.801750 0.617881 0.613863
0.689997 0.778583 0.766258
0.512251 0.721926 0.661306
0.849204 0.913480 0.573896
0.564797 0.565626 0.807627
0.895585 0.980763 0.750131
0.771414 0.598788 0.572598
0.871642 0.948701 0.544617
0.979657 0.531988 0.662101
0.661490 0.795837 0.958815
0.969641 0.661103 0.534239
0.751185 0.707322 0.767257
0.563149 0.675404 0.512236
0.593247 0.650597 0.787641
