20
0.978049 0.909729 0.521542
0.514584 0.606251 0.811633
0.706654 0.798152 0.746507
0.738399 0.936587 0.679030
0.958584 0.555358 0.722014
0.532765 0.620167 0.756120
0.890455 0.893812 0.615359
0.958701 0.806449 0.930692
0.819748 0.936133 0.522588
0.688623 0.835795 0.895770
0.768720 0.867118 0.928628
0.884666 0.631806 0.694786
0.835648 0.811150 0.948375
0.584005 0.979119 0.581858
0.564388 0.926972 0.922588
0.830999 0.865539 0.764839
0.613264 0.877668 0.845205
0.877457 0.985833 0.562900
0.783485 0.769959 0.589964
0.553266 0.860580 0.640406
