500
0.835800 0.835800 0.835800
0.714600 0.714600 0.714600
0.645000 0.645000 0.645000
0.865800 0.865800 0.865800
0.619200 0.619200 0.619200
0.717600 0.717600 0.717600
0.793800 0.793800 0.793800
0.853200 0.853200 0.853200
0.820200 0.820200 0.820200
0.648000 0.648000 0.648000
0.893400 0.893400 0.893400
0.825000 0.825000 0.825000
0.651600 0.651600 0.651600
0.740400 0.740400 0.740400
0.649200 0.649200 0.649200
0.894600 0.894600 0.894600
0.735600 0.735600 0.735600
0.635400 0.635400 0.635400
0.768000 0.768000 0.768000
0.668400 0.668400 0.668400
0.702600 0.702600 0.702600
0.816600 0.816600 0.816600
0.875400 0.875400 0.875400
0.676200 0.676200 0.676200
0.683400 0.683400 0.683400
0.864600 0.864600 0.864600
0.798000 0.798000 0.798000
0.778800 0.778800 0.778800
0.731400 0.731400 0.731400
0.783600 0.783600 0.783600
0.639600 0.639600 0.639600
0.636000 0.636000 0.636000
0.757200 0.757200 0.757200
0.666600 0.666600 0.666600
0.808800 0.808800 0.808800
0.858600 0.858600 0.858600
0.600600 0.600600 0.600600
0.716400 0.716400 0.716400
0.671400 0.671400 0.671400
0.639000 0.639000 0.639000
0.650400 0.650400 0.650400
0.862800 0.862800 0.862800
0.748200 0.748200 0.748200
0.631800 0.631800 0.631800
0.807000 0.807000 0.807000
0.734400 0.734400 0.734400
0.738600 0.738600 0.738600
0.840000 0.840000 0.840000
0.625200 0.625200 0.625200
0.655200 0.655200 0.655200
0.747000 0.747000 0.747000
0.631200 0.631200 0.631200
0.834000 0.834000 0.834000
0.686400 0.686400 0.686400
0.807600 0.807600 0.807600
0.729600 0.729600 0.729600
0.888600 0.888600 0.888600
0.819000 0.819000 0.819000
0.836400 0.836400 0.836400
0.771000 0.771000 0.771000
0.850800 0.850800 0.850800
0.691200 0.691200 0.691200
0.749400 0.749400 0.749400
0.728400 0.728400 0.728400
0.896400 0.896400 0.896400
0.723000 0.723000 0.723000
0.620400 0.620400 0.620400
0.805800 0.805800 0.805800
0.820800 0.820800 0.820800
0.700200 0.700200 0.700200
0.664800 0.664800 0.664800
0.619800 0.619800 0.619800
0.843600 0.843600 0.843600
0.852000 0.852000 0.852000
0.685200 0.685200 0.685200
0.826200 0.826200 0.826200
0.741600 0.741600 0.741600
0.698400 0.698400 0.698400
0.784800 0.784800 0.784800
0.627000 0.627000 0.627000
0.790800 0.790800 0.790800
0.605400 0.605400 0.605400
0.865200 0.865200 0.865200
0.721800 0.721800 0.721800
0.655800 0.655800 0.655800
0.846000 0.846000 0.846000
0.696000 0.696000 0.696000
0.864000 0.864000 0.864000
0.786600 0.786600 0.786600
0.775800 0.775800 0.775800
0.879600 0.879600 0.879600
0.643800 0.643800 0.643800
0.804000 0.804000 0.804000
0.630000 0.630000 0.630000
0.848400 0.848400 0.848400
0.861000 0.861000 0.861000
0.746400 0.746400 0.746400
0.799800 0.799800 0.799800
0.663600 0.663600 0.663600
0.783000 0.783000 0.783000
0.704400 0.704400 0.704400
0.859200 0.859200 0.859200
0.682200 0.682200 0.682200
0.647400 0.647400 0.647400
0.703800 0.703800 0.703800
0.640200 0.640200 0.640200
0.636600 0.636600 0.636600
0.615600 0.615600 0.615600
0.851400 0.851400 0.851400
0.883800 0.883800 0.883800
0.752400 0.752400 0.752400
0.601800 0.601800 0.601800
0.684600 0.684600 0.684600
0.609600 0.609600 0.609600
0.675600 0.675600 0.675600
0.803400 0.803400 0.803400
0.726000 0.726000 0.726000
0.811200 0.811200 0.811200
0.703200 0.703200 0.703200
0.835200 0.835200 0.835200
0.666000 0.666000 0.666000
0.730800 0.730800 0.730800
0.690000 0.690000 0.690000
0.766200 0.766200 0.766200
0.880800 0.880800 0.880800
0.723600 0.723600 0.723600
0.751800 0.751800 0.751800
0.778200 0.778200 0.778200
0.714000 0.714000 0.714000
0.817200 0.817200 0.817200
0.814200 0.814200 0.814200
0.669000 0.669000 0.669000
0.646800 0.646800 0.646800
0.612000 0.612000 0.612000
0.876000 0.876000 0.876000
0.814800 0.814800 0.814800
0.610200 0.610200 0.610200
0.879000 0.879000 0.879000
0.823800 0.823800 0.823800
0.720600 0.720600 0.720600
0.774600 0.774600 0.774600
0.796800 0.796800 0.796800
0.718800 0.718800 0.718800
0.709800 0.709800 0.709800
0.895200 0.895200 0.895200
0.711600 0.711600 0.711600
0.659400 0.659400 0.659400
0.634200 0.634200 0.634200
0.672600 0.672600 0.672600
0.822600 0.822600 0.822600
0.770400 0.770400 0.770400
0.856800 0.856800 0.856800
0.658200 0.658200 0.658200
0.681600 0.681600 0.681600
0.638400 0.638400 0.638400
0.607200 0.607200 0.607200
0.654000 0.654000 0.654000
0.886800 0.886800 0.886800
0.739200 0.739200 0.739200
0.648600 0.648600 0.648600
0.894000 0.894000 0.894000
0.693600 0.693600 0.693600
0.613800 0.613800 0.613800
0.889200 0.889200 0.889200
0.787200 0.787200 0.787200
0.718200 0.718200 0.718200
0.687600 0.687600 0.687600
0.608400 0.608400 0.608400
0.700800 0.700800 0.700800
0.622800 0.622800 0.622800
0.721200 0.721200 0.721200
0.772200 0.772200 0.772200
0.812400 0.812400 0.812400
0.880200 0.880200 0.880200
0.849600 0.849600 0.849600
0.637800 0.637800 0.637800
0.832800 0.832800 0.832800
0.654600 0.654600 0.654600
0.651000 0.651000 0.651000
0.748800 0.748800 0.748800
0.607800 0.607800 0.607800
0.802200 0.802200 0.802200
0.663000 0.663000 0.663000
0.759000 0.759000 0.759000
0.724800 0.724800 0.724800
0.707400 0.707400 0.707400
0.789600 0.789600 0.789600
0.739800 0.739800 0.739800
0.861600 0.861600 0.861600
0.869400 0.869400 0.869400
0.692400 0.692400 0.692400
0.670800 0.670800 0.670800
0.632400 0.632400 0.632400
0.642000 0.642000 0.642000
0.756600 0.756600 0.756600
0.772800 0.772800 0.772800
0.673200 0.673200 0.673200
0.710400 0.710400 0.710400
0.892200 0.892200 0.892200
0.833400 0.833400 0.833400
0.847800 0.847800 0.847800
0.715200 0.715200 0.715200
0.839400 0.839400 0.839400
0.667200 0.667200 0.667200
0.891600 0.891600 0.891600
0.762000 0.762000 0.762000
0.687000 0.687000 0.687000
0.679200 0.679200 0.679200
0.673800 0.673800 0.673800
0.758400 0.758400 0.758400
0.816000 0.816000 0.816000
0.664200 0.664200 0.664200
0.617400 0.617400 0.617400
0.791400 0.791400 0.791400
0.757800 0.757800 0.757800
0.793200 0.793200 0.793200
0.898800 0.898800 0.898800
0.712200 0.712200 0.712200
0.853800 0.853800 0.853800
0.852600 0.852600 0.852600
0.742800 0.742800 0.742800
0.806400 0.806400 0.806400
0.872400 0.872400 0.872400
0.895800 0.895800 0.895800
0.891000 0.891000 0.891000
0.754200 0.754200 0.754200
0.681000 0.681000 0.681000
0.871200 0.871200 0.871200
0.738000 0.738000 0.738000
0.813600 0.813600 0.813600
0.843000 0.843000 0.843000
0.743400 0.743400 0.743400
0.603600 0.603600 0.603600
0.705600 0.705600 0.705600
0.747600 0.747600 0.747600
0.870000 0.870000 0.870000
0.732600 0.732600 0.732600
0.715800 0.715800 0.715800
0.847200 0.847200 0.847200
0.688800 0.688800 0.688800
0.768600 0.768600 0.768600
0.790200 0.790200 0.790200
0.858000 0.858000 0.858000
0.764400 0.764400 0.764400
0.625800 0.625800 0.625800
0.888000 0.888000 0.888000
0.823200 0.823200 0.823200
0.801000 0.801000 0.801000
0.882600 0.882600 0.882600
0.615000 0.615000 0.615000
0.786000 0.786000 0.786000
0.781200 0.781200 0.781200
0.678600 0.678600 0.678600
0.652200 0.652200 0.652200
0.842400 0.842400 0.842400
0.761400 0.761400 0.761400
0.745800 0.745800 0.745800
0.672000 0.672000 0.672000
0.810600 0.810600 0.810600
0.618000 0.618000 0.618000
0.765600 0.765600 0.765600
0.729000 0.729000 0.729000
0.775200 0.775200 0.775200
0.726600 0.726600 0.726600
0.805200 0.805200 0.805200
0.867000 0.867000 0.867000
0.629400 0.629400 0.629400
0.829800 0.829800 0.829800
0.603000 0.603000 0.603000
0.754800 0.754800 0.754800
0.610800 0.610800 0.610800
0.855000 0.855000 0.855000
0.661800 0.661800 0.661800
0.621000 0.621000 0.621000
0.637200 0.637200 0.637200
0.899400 0.899400 0.899400
0.874800 0.874800 0.874800
0.616200 0.616200 0.616200
0.890400 0.890400 0.890400
0.859800 0.859800 0.859800
0.725400 0.725400 0.725400
0.873600 0.873600 0.873600
0.873000 0.873000 0.873000
0.795000 0.795000 0.795000
0.815400 0.815400 0.815400
0.695400 0.695400 0.695400
0.652800 0.652800 0.652800
0.868800 0.868800 0.868800
0.653400 0.653400 0.653400
0.845400 0.845400 0.845400
0.624000 0.624000 0.624000
0.611400 0.611400 0.611400
0.720000 0.720000 0.720000
0.811800 0.811800 0.811800
0.838200 0.838200 0.838200
0.691800 0.691800 0.691800
0.732000 0.732000 0.732000
0.724200 0.724200 0.724200
0.840600 0.840600 0.840600
0.697200 0.697200 0.697200
0.735000 0.735000 0.735000
0.827400 0.827400 0.827400
0.660000 0.660000 0.660000
0.856200 0.856200 0.856200
0.750000 0.750000 0.750000
0.713400 0.713400 0.713400
0.884400 0.884400 0.884400
0.744000 0.744000 0.744000
0.657600 0.657600 0.657600
0.602400 0.602400 0.602400
0.759600 0.759600 0.759600
0.694800 0.694800 0.694800
0.788400 0.788400 0.788400
0.787800 0.787800 0.787800
0.889800 0.889800 0.889800
0.633000 0.633000 0.633000
0.613200 0.613200 0.613200
0.870600 0.870600 0.870600
0.813000 0.813000 0.813000
0.624600 0.624600 0.624600
0.751200 0.751200 0.751200
0.618600 0.618600 0.618600
0.601200 0.601200 0.601200
0.810000 0.810000 0.810000
0.789000 0.789000 0.789000
0.722400 0.722400 0.722400
0.665400 0.665400 0.665400
0.705000 0.705000 0.705000
0.850200 0.850200 0.850200
0.868200 0.868200 0.868200
0.670200 0.670200 0.670200
0.862200 0.862200 0.862200
0.874200 0.874200 0.874200
0.612600 0.612600 0.612600
0.799200 0.799200 0.799200
0.679800 0.679800 0.679800
0.832200 0.832200 0.832200
0.773400 0.773400 0.773400
0.878400 0.878400 0.878400
0.708000 0.708000 0.708000
0.779400 0.779400 0.779400
0.660600 0.660600 0.660600
0.736200 0.736200 0.736200
0.712800 0.712800 0.712800
0.841200 0.841200 0.841200
0.883200 0.883200 0.883200
0.736800 0.736800 0.736800
0.690600 0.690600 0.690600
0.769800 0.769800 0.769800
0.781800 0.781800 0.781800
0.844800 0.844800 0.844800
0.662400 0.662400 0.662400
0.881400 0.881400 0.881400
0.719400 0.719400 0.719400
0.699600 0.699600 0.699600
0.830400 0.830400 0.830400
0.782400 0.782400 0.782400
0.777000 0.777000 0.777000
0.769200 0.769200 0.769200
0.804600 0.804600 0.804600
0.871800 0.871800 0.871800
0.741000 0.741000 0.741000
0.696600 0.696600 0.696600
0.627600 0.627600 0.627600
0.860400 0.860400 0.860400
0.628800 0.628800 0.628800
0.685800 0.685800 0.685800
0.802800 0.802800 0.802800
0.792000 0.792000 0.792000
0.609000 0.609000 0.609000
0.800400 0.800400 0.800400
0.828000 0.828000 0.828000
0.817800 0.817800 0.817800
0.677400 0.677400 0.677400
0.709200 0.709200 0.709200
0.737400 0.737400 0.737400
0.760200 0.760200 0.760200
0.634800 0.634800 0.634800
0.765000 0.765000 0.765000
0.642600 0.642600 0.642600
0.756000 0.756000 0.756000
0.667800 0.667800 0.667800
0.838800 0.838800 0.838800
0.834600 0.834600 0.834600
0.621600 0.621600 0.621600
0.854400 0.854400 0.854400
0.641400 0.641400 0.641400
0.745200 0.745200 0.745200
0.844200 0.844200 0.844200
0.892800 0.892800 0.892800
0.630600 0.630600 0.630600
0.656400 0.656400 0.656400
0.796200 0.796200 0.796200
0.767400 0.767400 0.767400
0.649800 0.649800 0.649800
0.717000 0.717000 0.717000
0.645600 0.645600 0.645600
0.674400 0.674400 0.674400
0.711000 0.711000 0.711000
0.626400 0.626400 0.626400
0.882000 0.882000 0.882000
0.633600 0.633600 0.633600
0.866400 0.866400 0.866400
0.897000 0.897000 0.897000
0.733800 0.733800 0.733800
0.755400 0.755400 0.755400
0.694200 0.694200 0.694200
0.701400 0.701400 0.701400
0.657000 0.657000 0.657000
0.784200 0.784200 0.784200
0.744600 0.744600 0.744600
0.849000 0.849000 0.849000
0.797400 0.797400 0.797400
0.897600 0.897600 0.897600
0.658800 0.658800 0.658800
0.702000 0.702000 0.702000
0.727800 0.727800 0.727800
0.831000 0.831000 0.831000
0.841800 0.841800 0.841800
0.616800 0.616800 0.616800
0.801600 0.801600 0.801600
0.678000 0.678000 0.678000
0.785400 0.785400 0.785400
0.876600 0.876600 0.876600
0.676800 0.676800 0.676800
0.646200 0.646200 0.646200
0.828600 0.828600 0.828600
0.604200 0.604200 0.604200
0.699000 0.699000 0.699000
0.623400 0.623400 0.623400
0.762600 0.762600 0.762600
0.600000 0.600000 0.600000
0.763800 0.763800 0.763800
0.771600 0.771600 0.771600
0.837600 0.837600 0.837600
0.680400 0.680400 0.680400
0.733200 0.733200 0.733200
0.863400 0.863400 0.863400
0.766800 0.766800 0.766800
0.684000 0.684000 0.684000
0.857400 0.857400 0.857400
0.794400 0.794400 0.794400
0.821400 0.821400 0.821400
0.777600 0.777600 0.777600
0.780000 0.780000 0.780000
0.795600 0.795600 0.795600
0.727200 0.727200 0.727200
0.877800 0.877800 0.877800
0.763200 0.763200 0.763200
0.819600 0.819600 0.819600
0.837000 0.837000 0.837000
0.829200 0.829200 0.829200
0.886200 0.886200 0.886200
0.742200 0.742200 0.742200
0.809400 0.809400 0.809400
0.614400 0.614400 0.614400
0.730200 0.730200 0.730200
0.760800 0.760800 0.760800
0.697800 0.697800 0.697800
0.661200 0.661200 0.661200
0.606000 0.606000 0.606000
0.822000 0.822000 0.822000
0.898200 0.898200 0.898200
0.669600 0.669600 0.669600
0.644400 0.644400 0.644400
0.846600 0.846600 0.846600
0.606600 0.606600 0.606600
0.887400 0.887400 0.887400
0.682800 0.682800 0.682800
0.750600 0.750600 0.750600
0.693000 0.693000 0.693000
0.855600 0.855600 0.855600
0.628200 0.628200 0.628200
0.622200 0.622200 0.622200
0.825600 0.825600 0.825600
0.826800 0.826800 0.826800
0.798600 0.798600 0.798600
0.885000 0.885000 0.885000
0.688200 0.688200 0.688200
0.774000 0.774000 0.774000
0.867600 0.867600 0.867600
0.776400 0.776400 0.776400
0.689400 0.689400 0.689400
0.675000 0.675000 0.675000
0.885600 0.885600 0.885600
0.640800 0.640800 0.640800
0.706200 0.706200 0.706200
0.604800 0.604800 0.604800
0.808200 0.808200 0.808200
0.824400 0.824400 0.824400
0.753000 0.753000 0.753000
0.792600 0.792600 0.792600
0.753600 0.753600 0.753600
0.708600 0.708600 0.708600
0.780600 0.780600 0.780600
0.818400 0.818400 0.818400
0.831600 0.831600 0.831600
0.706800 0.706800 0.706800
0.877200 0.877200 0.877200
0.643200 0.643200 0.643200
