500
0.698000 0.750000 0.802000
0.766600 0.750000 0.733400
0.750000 0.765000 0.735000
0.818600 0.681400 0.750000
0.772400 0.750000 0.727600
0.750000 0.812800 0.687200
0.819200 0.750000 0.680800
0.750000 0.652000 0.848000
0.750000 0.727200 0.772800
0.653000 0.750000 0.847000
0.672800 0.827200 0.750000
0.827000 0.673000 0.750000
0.813400 0.686600 0.750000
0.734800 0.765200 0.750000
0.732600 0.767400 0.750000
0.835600 0.664400 0.750000
0.802800 0.697200 0.750000
0.651600 0.848400 0.750000
0.826000 0.750000 0.674000
0.760200 0.750000 0.739800
0.750000 0.763800 0.736200
0.676800 0.823200 0.750000
0.778000 0.722000 0.750000
0.750000 0.806600 0.693400
0.718000 0.782000 0.750000
0.830200 0.669800 0.750000
0.750000 0.806000 0.694000
0.813000 0.687000 0.750000
0.651000 0.750000 0.849000
0.774800 0.725200 0.750000
0.687400 0.750000 0.812600
0.750000 0.809400 0.690600
0.750000 0.830600 0.669400
0.692400 0.807600 0.750000
0.750000 0.762200 0.737800
0.750000 0.751200 0.748800
0.825600 0.674400 0.750000
0.776400 0.723600 0.750000
0.721400 0.750000 0.778600
0.654000 0.750000 0.846000
0.660400 0.750000 0.839600
0.765600 0.734400 0.750000
0.731200 0.768800 0.750000
0.771200 0.728800 0.750000
0.708600 0.791400 0.750000
0.704800 0.750000 0.795200
0.750000 0.656800 0.843200
0.716000 0.750000 0.784000
0.750000 0.731000 0.769000
0.840000 0.660000 0.750000
0.822200 0.677800 0.750000
0.750000 0.758000 0.742000
0.822800 0.750000 0.677200
0.786400 0.713600 0.750000
0.750000 0.784400 0.715600
0.741000 0.750000 0.759000
0.781600 0.718400 0.750000
0.701400 0.798600 0.750000
0.750000 0.698800 0.801200
0.750000 0.705400 0.794600
0.750000 0.665600 0.834400
0.712200 0.787800 0.750000
0.750000 0.714400 0.785600
0.837400 0.750000 0.662600
0.693200 0.806800 0.750000
0.664200 0.835800 0.750000
0.799200 0.700800 0.750000
0.750000 0.660800 0.839200
0.750000 0.754400 0.745600
0.814600 0.685400 0.750000
0.847800 0.652200 0.750000
0.667400 0.832600 0.750000
0.760800 0.739200 0.750000
0.810600 0.689400 0.750000
0.792800 0.750000 0.707200
0.750000 0.845200 0.654800
0.819400 0.750000 0.680600
0.719200 0.750000 0.780800
0.750000 0.740800 0.759200
0.727000 0.773000 0.750000
0.752000 0.750000 0.748000
0.825000 0.675000 0.750000
0.810400 0.689600 0.750000
0.677400 0.822600 0.750000
0.698400 0.750000 0.801600
0.750000 0.803400 0.696600
0.735400 0.750000 0.764600
0.688000 0.750000 0.812000
0.658000 0.842000 0.750000
0.750000 0.673200 0.826800
0.750000 0.748600 0.751400
0.750000 0.743600 0.756400
0.724400 0.750000 0.775600
0.750000 0.700200 0.799800
0.666800 0.833200 0.750000
0.750000 0.796600 0.703400
0.746600 0.750000 0.753400
0.820600 0.679400 0.750000
0.800000 0.700000 0.750000
0.806200 0.750000 0.693800
0.749400 0.750600 0.750000
0.825800 0.674200 0.750000
0.805600 0.750000 0.694400
0.750000 0.769400 0.730600
0.691200 0.750000 0.808800
0.747000 0.753000 0.750000
0.746400 0.753600 0.750000
0.712800 0.787200 0.750000
0.750000 0.701800 0.798200
0.815800 0.750000 0.684200
0.690800 0.809200 0.750000
0.663800 0.836200 0.750000
0.764200 0.735800 0.750000
0.739600 0.750000 0.760400
0.750000 0.746800 0.753200
0.755800 0.750000 0.744200
0.682400 0.817600 0.750000
0.841600 0.750000 0.658400
0.689000 0.750000 0.811000
0.779000 0.750000 0.721000
0.842600 0.657400 0.750000
0.747600 0.752400 0.750000
0.750000 0.849800 0.650200
0.816800 0.750000 0.683200
0.750000 0.718200 0.781800
0.750000 0.741600 0.758400
0.810000 0.750000 0.690000
0.750000 0.698200 0.801800
0.750000 0.728600 0.771400
0.750000 0.845000 0.655000
0.691800 0.750000 0.808200
0.770600 0.729400 0.750000
0.756000 0.744000 0.750000
0.770000 0.730000 0.750000
0.750000 0.655200 0.844800
0.700400 0.799600 0.750000
0.703200 0.796800 0.750000
0.764800 0.750000 0.735200
0.750000 0.832800 0.667200
0.729600 0.750000 0.770400
0.792200 0.707800 0.750000
0.848600 0.750000 0.651400
0.680200 0.819800 0.750000
0.750000 0.825400 0.674600
0.830400 0.669600 0.750000
0.667000 0.833000 0.750000
0.750000 0.672400 0.827600
0.808600 0.750000 0.691400
0.727400 0.750000 0.772600
0.750000 0.815400 0.684600
0.750000 0.823600 0.676400
0.824000 0.676000 0.750000
0.750000 0.773600 0.726400
0.824200 0.675800 0.750000
0.774400 0.725600 0.750000
0.750000 0.802600 0.697400
0.750000 0.678600 0.821400
0.831200 0.750000 0.668800
0.767800 0.732200 0.750000
0.750000 0.831400 0.668600
0.750000 0.779600 0.720400
0.707000 0.750000 0.793000
0.668200 0.750000 0.831800
0.711400 0.750000 0.788600
0.747800 0.750000 0.752200
0.696200 0.803800 0.750000
0.734200 0.765800 0.750000
0.750000 0.650600 0.849400
0.750000 0.815000 0.685000
0.838200 0.661800 0.750000
0.847200 0.750000 0.652800
0.749800 0.750000 0.750200
0.827400 0.672600 0.750000
0.750000 0.717200 0.782800
0.750000 0.804000 0.696000
0.750000 0.847600 0.652400
0.767000 0.750000 0.733000
0.809600 0.690400 0.750000
0.685600 0.814400 0.750000
0.704200 0.795800 0.750000
0.780600 0.750000 0.719400
0.692200 0.750000 0.807800
0.750000 0.729800 0.770200
0.832200 0.750000 0.667800
0.771600 0.728400 0.750000
0.750000 0.724200 0.775800
0.763600 0.750000 0.736400
0.793800 0.706200 0.750000
0.750000 0.805800 0.694200
0.750000 0.820000 0.680000
0.654200 0.750000 0.845800
0.818400 0.750000 0.681600
0.750000 0.746000 0.754000
0.844200 0.750000 0.655800
0.653200 0.846800 0.750000
0.670000 0.750000 0.830000
0.786800 0.713200 0.750000
0.791000 0.709000 0.750000
0.833600 0.666400 0.750000
0.679600 0.820400 0.750000
0.708200 0.791800 0.750000
0.781000 0.750000 0.719000
0.730400 0.750000 0.769600
0.656600 0.750000 0.843400
0.688200 0.811800 0.750000
0.773200 0.726800 0.750000
0.673400 0.750000 0.826600
0.837000 0.750000 0.663000
0.761800 0.738200 0.750000
0.798800 0.701200 0.750000
0.750000 0.748200 0.751800
0.809000 0.750000 0.691000
0.701000 0.750000 0.799000
0.829600 0.750000 0.670400
0.836800 0.750000 0.663200
0.663400 0.836600 0.750000
0.717000 0.783000 0.750000
0.716200 0.783800 0.750000
0.778400 0.721600 0.750000
0.788000 0.750000 0.712000
0.750000 0.828000 0.672000
0.750000 0.720200 0.779800
0.750000 0.800400 0.699600
0.750000 0.736000 0.764000
0.671600 0.750000 0.828400
0.750000 0.771000 0.729000
0.726200 0.773800 0.750000
0.710800 0.789200 0.750000
0.827800 0.750000 0.672200
0.819000 0.681000 0.750000
0.750000 0.750000 0.750000
0.786200 0.750000 0.713800
0.777200 0.722800 0.750000
0.682200 0.750000 0.817800
0.657800 0.750000 0.842200
0.715800 0.784200 0.750000
0.739000 0.750000 0.761000
0.841400 0.750000 0.658600
0.803600 0.696400 0.750000
0.798400 0.701600 0.750000
0.750000 0.805000 0.695000
0.750000 0.781400 0.718600
0.653600 0.750000 0.846400
0.655400 0.750000 0.844600
0.750000 0.845600 0.654400
0.731800 0.750000 0.768200
0.750000 0.740600 0.759400
0.834200 0.750000 0.665800
0.750000 0.715200 0.784800
0.685200 0.750000 0.814800
0.697800 0.750000 0.802200
0.741200 0.750000 0.758800
0.750000 0.730200 0.769800
0.703000 0.797000 0.750000
0.750000 0.742200 0.757800
0.840800 0.659200 0.750000
0.750000 0.658800 0.841200
0.750000 0.816600 0.683400
0.766200 0.750000 0.733800
0.791200 0.750000 0.708800
0.750000 0.760000 0.740000
0.836400 0.663600 0.750000
0.676600 0.750000 0.823400
0.848200 0.750000 0.651800
0.724600 0.750000 0.775400
0.788200 0.711800 0.750000
0.700600 0.799400 0.750000
0.683000 0.750000 0.817000
0.738800 0.750000 0.761200
0.750000 0.813600 0.686400
0.750000 0.653800 0.846200
0.715400 0.784600 0.750000
0.709600 0.790400 0.750000
0.807200 0.750000 0.692800
0.797200 0.702800 0.750000
0.750000 0.740200 0.759800
0.797400 0.702600 0.750000
0.714800 0.750000 0.785200
0.666200 0.833800 0.750000
0.792400 0.707600 0.750000
0.743400 0.750000 0.756600
0.679200 0.820800 0.750000
0.710400 0.750000 0.789600
0.843000 0.657000 0.750000
0.750000 0.666000 0.834000
0.765400 0.750000 0.734600
0.826200 0.673800 0.750000
0.750000 0.801000 0.699000
0.750000 0.736800 0.763200
0.665400 0.750000 0.834600
0.823000 0.677000 0.750000
0.750000 0.728000 0.772000
0.750000 0.733200 0.766800
0.750000 0.849600 0.650400
0.797600 0.750000 0.702400
0.825200 0.750000 0.674800
0.755200 0.750000 0.744800
0.844400 0.655600 0.750000
0.822000 0.750000 0.678000
0.706600 0.793400 0.750000
0.715000 0.750000 0.785000
0.761600 0.738400 0.750000
0.750000 0.755000 0.745000
0.762800 0.737200 0.750000
0.750000 0.821200 0.678800
0.750000 0.803200 0.696800
0.658200 0.750000 0.841800
0.839800 0.660200 0.750000
0.770800 0.729200 0.750000
0.786000 0.714000 0.750000
0.724000 0.750000 0.776000
0.662800 0.837200 0.750000
0.705600 0.794400 0.750000
0.745400 0.750000 0.754600
0.724800 0.750000 0.775200
0.750000 0.811200 0.688800
0.750000 0.673600 0.826400
0.803000 0.697000 0.750000
0.844000 0.656000 0.750000
0.797800 0.702200 0.750000
0.801400 0.750000 0.698600
0.688400 0.811600 0.750000
0.750000 0.732000 0.768000
0.750000 0.768600 0.731400
0.747200 0.750000 0.752800
0.774200 0.725800 0.750000
0.750000 0.767200 0.732800
0.708400 0.750000 0.791600
0.703800 0.750000 0.796200
0.707400 0.750000 0.792600
0.712400 0.787600 0.750000
0.837600 0.662400 0.750000
0.824400 0.750000 0.675600
0.686800 0.813200 0.750000
0.750000 0.747400 0.752600
0.749600 0.750400 0.750000
0.750000 0.794000 0.706000
0.828200 0.671800 0.750000
0.693000 0.807000 0.750000
0.750000 0.796000 0.704000
0.750000 0.711000 0.789000
0.750000 0.798000 0.702000
0.699200 0.750000 0.800800
0.789800 0.750000 0.710200
0.721200 0.750000 0.778800
0.743200 0.756800 0.750000
0.760600 0.750000 0.739400
0.750000 0.731600 0.768400
0.750000 0.845400 0.654600
0.750000 0.795400 0.704600
0.684400 0.815600 0.750000
0.679000 0.750000 0.821000
0.750000 0.832000 0.668000
0.689200 0.810800 0.750000
0.735600 0.764400 0.750000
0.840200 0.659800 0.750000
0.750000 0.711200 0.788800
0.777600 0.750000 0.722400
0.750000 0.737000 0.763000
0.750000 0.812200 0.687800
0.725400 0.774600 0.750000
0.750000 0.811400 0.688600
0.723800 0.776200 0.750000
0.750000 0.758600 0.741400
0.750000 0.804200 0.695800
0.670800 0.829200 0.750000
0.821600 0.750000 0.678400
0.750000 0.742400 0.757600
0.750000 0.736600 0.763400
0.661000 0.839000 0.750000
0.750000 0.671400 0.828600
0.691600 0.750000 0.808400
0.676200 0.750000 0.823800
0.694600 0.805400 0.750000
0.660600 0.750000 0.839400
0.849200 0.750000 0.650800
0.697600 0.750000 0.802400
0.842800 0.750000 0.657200
0.669000 0.831000 0.750000
0.750000 0.838600 0.661400
0.759600 0.740400 0.750000
0.830800 0.750000 0.669200
0.750000 0.737400 0.762600
0.671000 0.750000 0.829000
0.750000 0.838000 0.662000
0.779200 0.720800 0.750000
0.750000 0.692600 0.807400
0.787400 0.750000 0.712600
0.840400 0.750000 0.659600
0.750000 0.671200 0.828800
0.716600 0.750000 0.783400
0.699400 0.800600 0.750000
0.714200 0.785800 0.750000
0.651200 0.750000 0.848800
0.751600 0.748400 0.750000
0.686200 0.813800 0.750000
0.750000 0.659400 0.840600
0.719600 0.780400 0.750000
0.750000 0.675200 0.824800
0.670200 0.750000 0.829800
0.750000 0.709200 0.790800
0.682800 0.750000 0.817200
0.774000 0.750000 0.726000
0.814000 0.750000 0.686000
0.750000 0.835400 0.664600
0.750000 0.678200 0.821800
0.829400 0.750000 0.670600
0.750000 0.726600 0.773400
0.750000 0.664000 0.836000
0.717400 0.750000 0.782600
0.728200 0.750000 0.771800
0.750000 0.843800 0.656200
0.750000 0.699800 0.800200
0.762400 0.750000 0.737600
0.750000 0.704400 0.795600
0.775000 0.725000 0.750000
0.750000 0.662200 0.837800
0.716400 0.783600 0.750000
0.680400 0.819600 0.750000
0.761400 0.750000 0.738600
0.790200 0.709800 0.750000
0.750000 0.733600 0.766400
0.743000 0.750000 0.757000
0.750000 0.666600 0.833400
0.782400 0.750000 0.717600
0.750000 0.723200 0.776800
0.682600 0.750000 0.817400
0.706400 0.793600 0.750000
0.703600 0.796400 0.750000
0.776600 0.750000 0.723400
0.804400 0.750000 0.695600
0.772200 0.750000 0.727800
0.842400 0.750000 0.657600
0.745800 0.750000 0.754200
0.713000 0.787000 0.750000
0.789400 0.710600 0.750000
0.721800 0.750000 0.778200
0.750000 0.785400 0.714600
0.804800 0.750000 0.695200
0.750000 0.659000 0.841000
0.682000 0.818000 0.750000
0.716800 0.750000 0.783200
0.750000 0.804600 0.695400
0.750000 0.705000 0.795000
0.656400 0.843600 0.750000
0.692000 0.750000 0.808000
0.750000 0.708000 0.792000
0.818800 0.750000 0.681200
0.750000 0.758200 0.741800
0.685800 0.814200 0.750000
0.720000 0.780000 0.750000
0.838400 0.661600 0.750000
0.722600 0.777400 0.750000
0.750000 0.779400 0.720600
0.788400 0.711600 0.750000
0.769200 0.750000 0.730800
0.816200 0.683800 0.750000
0.665200 0.834800 0.750000
0.653400 0.750000 0.846600
0.744600 0.755400 0.750000
0.745200 0.750000 0.754800
0.750000 0.756200 0.743800
0.661200 0.838800 0.750000
0.722200 0.777800 0.750000
0.750000 0.723000 0.777000
0.750000 0.664800 0.835200
0.750000 0.832400 0.667600
0.684800 0.750000 0.815200
0.732400 0.750000 0.767600
0.753800 0.746200 0.750000
0.820200 0.750000 0.679800
0.750000 0.665000 0.835000
0.750000 0.782200 0.717800
0.750000 0.705800 0.794200
0.750000 0.805200 0.694800
0.750000 0.749200 0.750800
0.718800 0.781200 0.750000
0.750000 0.794800 0.705200
0.706800 0.793200 0.750000
0.786600 0.713400 0.750000
0.693600 0.750000 0.806400
0.816000 0.684000 0.750000
0.750000 0.831600 0.668400
0.749000 0.751000 0.750000
0.757200 0.742800 0.750000
0.755600 0.750000 0.744400
0.766000 0.734000 0.750000
0.683600 0.816400 0.750000
0.750000 0.818200 0.681800
0.738000 0.750000 0.762000
0.719800 0.750000 0.780200
0.822400 0.750000 0.677600
0.742600 0.750000 0.757400
0.750000 0.812400 0.687600
0.710000 0.790000 0.750000
0.847400 0.652600 0.750000
0.750000 0.675400 0.824600
0.790600 0.750000 0.709400
0.809800 0.690200 0.750000
0.750000 0.689800 0.810200
