500
0.747136 0.520330 0.520712
0.713089 0.528617 0.520832
0.826135 0.795605 0.959535
0.894836 0.549017 0.870584
0.564039 0.925344 0.827483
0.853236 0.624285 0.541768
0.629111 0.523978 0.648645
0.796465 0.641070 0.520874
0.689411 0.822213 0.888685
0.613462 0.969576 0.977138
0.857450 0.731878 0.822765
0.718416 0.731312 0.749526
0.699925 0.531255 0.523540
0.518895 0.773898 0.796890
0.556431 0.753114 0.573528
0.584987 0.713368 0.945592
0.859841 0.615408 0.753820
0.536476 0.837832 0.809376
0.796202 0.873270 0.625305
0.549801 0.757692 0.609201
0.924329 0.580944 0.974566
0.930171 0.558298 0.767724
0.971867 0.683812 0.580650
0.516075 0.940016 0.703514
0.740470 0.654884 0.898882
0.960420 0.794876 0.944750
0.858315 0.977489 0.856445
0.534490 0.565283 0.800978
0.970212 0.723651 0.699665
0.593781 0.801187 0.738955
0.617369 0.627756 0.719568
0.708644 0.941458 0.897868
0.703409 0.936589 0.610553
0.686525 0.894998 0.784428
0.590916 0.688491 0.647543
0.825466 0.605110 0.677244
0.772112 0.987081 0.978214
0.567391 0.547996 0.952181
0.564423 0.539087 0.772146
0.608277 0.894184 0.639859
0.904091 0.572859 0.650942
0.944531 0.794999 0.850142
0.953294 0.965351 0.565473
0.553240 0.873251 0.645351
0.965427 0.584951 0.735613
0.821693 0.888814 0.810049
0.841827 0.916822 0.971585
0.926847 0.661944 0.855059
0.733755 0.856933 0.706195
0.852713 0.885651 0.863223
0.987034 0.949360 0.984174
0.758247 0.522473 0.855504
0.820531 0.545245 0.887131
0.582009 0.540813 0.759643
0.963695 0.757158 0.531276
0.985331 0.905266 0.612981
0.656768 0.942647 0.709349
0.801051 0.740790 0.533829
0.874579 0.886767 0.624012
0.732499 0.698666 0.595940
0.772270 0.840822 0.724332
0.908980 0.856879 0.979565
0.811364 0.906932 0.955281
0.530396 0.800026 0.741770
0.622806 0.543500 0.549792
0.987786 0.613984 0.621445
0.657876 0.560126 0.627611
0.674796 0.595323 0.801091
0.619269 0.645004 0.835062
0.574652 0.606068 0.747205
0.929849 0.709170 0.511234
0.941162 0.694278 0.943497
0.761623 0.628751 0.642345
0.556347 0.890326 0.889772
0.535906 0.867528 0.510249
0.571667 0.672009 0.616617
0.747844 0.973623 0.755284
0.983061 0.772406 0.890205
0.512060 0.964871 0.785494
0.769396 0.754598 0.975203
0.665747 0.699151 0.663229
0.829023 0.878555 0.903717
0.571285 0.867609 0.898036
0.805910 0.947044 0.600896
0.623790 0.642638 0.914358
0.790988 0.573159 0.659411
0.682751 0.578504 0.688199
0.905717 0.946282 0.668218
0.643182 0.534530 0.738919
0.780121 0.522750 0.782702
0.935197 0.637204 0.827032
0.955219 0.596829 0.972479
0.510806 0.662227 0.553215
0.810211 0.979468 0.511667
0.654021 0.977094 0.521828
0.880766 0.816398 0.647962
0.827305 0.558403 0.683080
0.625724 0.903558 0.859491
0.888457 0.869646 0.562586
0.748530 0.745688 0.888785
0.656206 0.849708 0.984682
0.919019 0.975093 0.665192
0.988580 0.947418 0.516370
0.739975 0.849064 0.582355
0.719681 0.921715 0.836364
0.659934 0.896739 0.516133
0.880359 0.894976 0.975423
0.866988 0.751044 0.762643
0.797181 0.694613 0.663664
0.616091 0.907212 0.616211
0.536665 0.929183 0.984616
0.578810 0.589783 0.578912
0.867563 0.973829 0.762696
0.527481 0.650131 0.670062
0.948710 0.742652 0.972459
0.615332 0.914043 0.633873
0.986310 0.775672 0.685990
0.692010 0.601608 0.517717
0.946695 0.647882 0.898157
0.650397 0.750461 0.597884
0.643411 0.720097 0.898209
0.639033 0.641060 0.813968
0.857361 0.799150 0.700879
0.937966 0.808903 0.893609
0.604078 0.621941 0.933792
0.964340 0.893260 0.983396
0.541190 0.565508 0.894758
0.709019 0.810398 0.536830
0.543152 0.618243 0.581232
0.816024 0.929831 0.740683
0.674894 0.846566 0.956084
0.886650 0.627711 0.585735
0.579498 0.734950 0.940925
0.795247 0.596355 0.709380
0.774415 0.548990 0.980682
0.708922 0.588980 0.682767
0.728889 0.850991 0.920190
0.647484 0.549751 0.627852
0.731148 0.985344 0.828422
0.607108 0.633557 0.883715
0.614055 0.515938 0.612769
0.827319 0.556647 0.789725
0.771860 0.801162 0.752871
0.596055 0.984396 0.777349
0.640036 0.718525 0.948810
0.964698 0.832773 0.558963
0.963095 0.619446 0.797581
0.868924 0.659044 0.727503
0.966653 0.904090 0.610654
0.817028 0.870439 0.844587
0.544399 0.772908 0.840845
0.542997 0.715713 0.630567
0.578777 0.863494 0.590911
0.834119 0.623036 0.933849
0.769207 0.783906 0.815857
0.516917 0.751214 0.874464
0.880539 0.919990 0.739433
0.795878 0.952986 0.693356
0.513674 0.530525 0.732669
0.581448 0.761231 0.623329
0.532786 0.747560 0.513769
0.797671 0.570355 0.525911
0.619934 0.987303 0.961751
0.756240 0.827563 0.799903
0.642279 0.533117 0.984715
0.925826 0.559089 0.981318
0.775801 0.537974 0.774812
0.520194 0.640688 0.989861
0.965745 0.952261 0.756431
0.913252 0.647036 0.605715
0.686624 0.751084 0.551605
0.605778 0.763704 0.832766
0.695873 0.816751 0.743478
0.907221 0.589778 0.954190
0.955212 0.525663 0.926609
0.719748 0.791257 0.559251
0.904967 0.541029 0.633192
0.540623 0.911191 0.698127
0.598429 0.709160 0.933259
0.538662 0.593704 0.669745
0.816328 0.882625 0.806206
0.905964 0.566162 0.824888
0.557602 0.743863 0.571051
0.532129 0.743260 0.565199
0.559929 0.835323 0.640770
0.736870 0.634751 0.977317
0.965067 0.920822 0.935110
0.770971 0.638119 0.714965
0.947285 0.917571 0.604643
0.830249 0.659033 0.861963
0.699461 0.862280 0.746338
0.703986 0.675181 0.797374
0.609606 0.558970 0.774579
0.940218 0.700698 0.771610
0.720556 0.978484 0.918184
0.889097 0.598331 0.849311
0.960004 0.664999 0.510977
0.531477 0.839391 0.551260
0.625854 0.626499 0.670706
0.803608 0.964835 0.526866
0.953604 0.559441 0.703533
0.809317 0.538646 0.701254
0.562080 0.721920 0.894689
0.739650 0.674517 0.911837
0.706841 0.799436 0.803034
0.890356 0.706593 0.609910
0.688896 0.969080 0.832217
0.575253 0.800481 0.878519
0.588487 0.983979 0.837980
0.837862 0.952216 0.770324
0.922008 0.599039 0.613595
0.681895 0.833467 0.748665
0.555850 0.672960 0.510135
0.677624 0.568946 0.901804
0.710324 0.741619 0.899626
0.670017 0.910222 0.899523
0.782331 0.640160 0.523478
0.818873 0.679517 0.645404
0.528671 0.635415 0.881463
0.764770 0.582388 0.889255
0.940175 0.826139 0.512960
0.609371 0.807631 0.650465
0.974463 0.901470 0.812697
0.551410 0.606397 0.821947
0.577168 0.973095 0.570211
0.895574 0.831850 0.687681
0.897101 0.917240 0.575870
0.677483 0.644110 0.635786
0.697734 0.782551 0.810992
0.642270 0.716915 0.596423
0.563892 0.876506 0.932672
0.762619 0.736755 0.963525
0.701724 0.555365 0.940233
0.797459 0.759287 0.572480
0.989717 0.533458 0.872241
0.598370 0.609234 0.542210
0.632235 0.836566 0.953783
0.952740 0.731999 0.862972
0.717371 0.952048 0.522837
0.874300 0.817091 0.914549
0.931272 0.597880 0.877715
0.559646 0.538568 0.663403
0.600260 0.617631 0.727560
0.913613 0.795578 0.979188
0.556366 0.747231 0.609243
0.739216 0.512587 0.560154
0.835298 0.732197 0.716946
0.834478 0.773791 0.639318
0.866204 0.632236 0.565515
0.859618 0.514262 0.902247
0.974171 0.830027 0.876071
0.665843 0.853167 0.847556
0.677998 0.961365 0.567218
0.564340 0.606935 0.947978
0.532403 0.725378 0.643562
0.654657 0.814418 0.897696
0.637704 0.725511 0.566225
0.753755 0.749400 0.924239
0.982173 0.885842 0.530942
0.680236 0.638569 0.714610
0.835624 0.554425 0.669484
0.873238 0.625144 0.857805
0.890960 0.821272 0.849417
0.923589 0.604666 0.737528
0.697385 0.575817 0.916044
0.822305 0.974287 0.709873
0.707777 0.658120 0.868016
0.693461 0.695044 0.871787
0.514264 0.593869 0.637455
0.688140 0.716751 0.839418
0.869520 0.580621 0.758956
0.902090 0.658834 0.793558
0.855871 0.773626 0.616874
0.713155 0.824250 0.857942
0.941400 0.593619 0.695585
0.639341 0.569123 0.976860
0.686356 0.905140 0.906853
0.555553 0.536310 0.671512
0.855457 0.645159 0.942368
0.521185 0.929933 0.526785
0.886136 0.745709 0.874921
0.537032 0.844017 0.544916
0.555393 0.571340 0.799575
0.908544 0.713539 0.640589
0.979966 0.527562 0.804931
0.554803 0.618420 0.899214
0.631466 0.807303 0.708750
0.580741 0.930375 0.907715
0.952340 0.678976 0.671748
0.520210 0.771053 0.874286
0.897674 0.550227 0.633050
0.555491 0.629097 0.901496
0.940991 0.563491 0.697900
0.510440 0.863624 0.556639
0.905099 0.775409 0.909764
0.989917 0.680931 0.747506
0.779119 0.846173 0.953656
0.852343 0.648606 0.710228
0.812059 0.813864 0.574862
0.797699 0.744448 0.657260
0.746555 0.972788 0.891922
0.646239 0.572223 0.795298
0.936066 0.774896 0.902190
0.982318 0.611760 0.887895
0.584382 0.982743 0.587354
0.987490 0.761041 0.954465
0.723108 0.946862 0.639402
0.720552 0.727876 0.557253
0.813928 0.659583 0.549052
0.835769 0.652082 0.771349
0.685999 0.711608 0.969693
0.606895 0.520888 0.766341
0.627967 0.774606 0.813012
0.967641 0.556657 0.852337
0.540999 0.668369 0.768581
0.595569 0.650100 0.785054
0.935065 0.854316 0.689594
0.523761 0.857153 0.583225
0.597529 0.835614 0.587815
0.859678 0.532145 0.698615
0.599765 0.644433 0.525372
0.715309 0.676686 0.600784
0.897995 0.724697 0.809838
0.629511 0.565371 0.916212
0.542935 0.855546 0.525646
0.912804 0.706789 0.805777
0.869802 0.916314 0.678002
0.768027 0.956282 0.942846
0.648743 0.608465 0.603319
0.706259 0.602988 0.529194
0.899881 0.662955 0.661166
0.890287 0.885690 0.962334
0.644634 0.966027 0.622784
0.862806 0.613006 0.806422
0.825617 0.896456 0.982702
0.839786 0.954467 0.768368
0.944675 0.949198 0.686271
0.816077 0.870265 0.784460
0.790677 0.793440 0.568504
0.611989 0.527222 0.625309
0.789726 0.563092 0.804982
0.582054 0.815951 0.596080
0.817071 0.793855 0.617990
0.732065 0.795106 0.841049
0.609269 0.897637 0.662679
0.811929 0.554132 0.948035
0.989304 0.811511 0.608282
0.901290 0.557411 0.768967
0.571885 0.631551 0.742013
0.571576 0.795800 0.577130
0.949730 0.834283 0.612923
0.748245 0.544063 0.614786
0.796482 0.786685 0.789793
0.592349 0.653652 0.662568
0.836291 0.666874 0.821857
0.741559 0.658017 0.654603
0.770538 0.540937 0.550898
0.697488 0.893169 0.588457
0.704420 0.936447 0.705476
0.883080 0.705352 0.634172
0.716884 0.679746 0.621021
0.691295 0.983218 0.566714
0.915031 0.829512 0.845113
0.860589 0.762224 0.638527
0.829255 0.572900 0.674929
0.940652 0.640156 0.512879
0.943150 0.679159 0.952026
0.923531 0.529559 0.868535
0.838173 0.983085 0.898669
0.688989 0.799569 0.830648
0.799764 0.624653 0.525928
0.515581 0.899257 0.639281
0.955717 0.733372 0.605660
0.715754 0.533804 0.889445
0.800303 0.902881 0.749794
0.666034 0.547020 0.534249
0.965537 0.890124 0.933724
0.886579 0.848076 0.798070
0.814664 0.988392 0.633276
0.676857 0.987563 0.630585
0.607858 0.523840 0.789299
0.724266 0.963916 0.742753
0.556278 0.876390 0.932108
0.933382 0.675477 0.743881
0.880754 0.937399 0.699002
0.633162 0.790328 0.809969
0.572281 0.872375 0.832584
0.869499 0.787283 0.853642
0.536960 0.575006 0.860910
0.700122 0.572863 0.633772
0.700911 0.568241 0.914795
0.965512 0.740379 0.609354
0.888607 0.570540 0.660704
0.988927 0.893336 0.594348
0.957757 0.875987 0.827899
0.598285 0.663349 0.755220
0.523229 0.867960 0.928097
0.924097 0.573975 0.664272
0.545734 0.703564 0.812958
0.639173 0.687240 0.812035
0.585457 0.680953 0.960951
0.914782 0.778849 0.848017
0.899243 0.928249 0.858400
0.666304 0.633724 0.817114
0.689761 0.934969 0.639665
0.818257 0.585809 0.744960
0.695934 0.719322 0.578916
0.828500 0.706859 0.859630
0.790264 0.899714 0.619672
0.765622 0.828278 0.784986
0.512337 0.669785 0.773934
0.616617 0.650056 0.548708
0.970913 0.678099 0.633969
0.551928 0.591535 0.854365
0.606903 0.926680 0.984775
0.609364 0.604791 0.935096
0.716259 0.951119 0.842035
0.772784 0.590934 0.735329
0.859184 0.719931 0.540425
0.602494 0.802687 0.586942
0.610415 0.608821 0.856391
0.929145 0.609235 0.947956
0.792894 0.657919 0.854382
0.672102 0.805570 0.780899
0.624468 0.807077 0.786449
0.976185 0.706923 0.801183
0.888521 0.929934 0.941782
0.549632 0.770314 0.935429
0.698448 0.709667 0.945891
0.522946 0.966590 0.574084
0.912875 0.962042 0.831701
0.646731 0.954169 0.857628
0.665422 0.970122 0.522306
0.909121 0.961387 0.793413
0.730352 0.570311 0.603943
0.831959 0.538302 0.907386
0.655937 0.694049 0.542719
0.859759 0.591383 0.885623
0.647965 0.776170 0.797071
0.826644 0.568813 0.895295
0.807201 0.798461 0.724044
0.952784 0.886939 0.625070
0.758168 0.537052 0.755655
0.921683 0.793092 0.973084
0.557273 0.811630 0.809828
0.560417 0.968937 0.802765
0.660715 0.762787 0.641231
0.885881 0.510947 0.774013
0.789139 0.892564 0.530733
0.905706 0.615246 0.555684
0.725918 0.667545 0.525718
0.911121 0.565707 0.959089
0.912790 0.712274 0.803113
0.738077 0.837088 0.906373
0.845606 0.727192 0.519971
0.896955 0.829840 0.804079
0.597393 0.980055 0.687794
0.542894 0.561918 0.827791
0.732843 0.563267 0.793191
0.792584 0.791214 0.510390
0.980268 0.611828 0.989097
0.744848 0.546299 0.804622
0.893899 0.578695 0.921742
0.830889 0.881798 0.522973
0.964581 0.826472 0.690267
0.636284 0.604618 0.969318
0.624216 0.541076 0.553743
0.599130 0.648695 0.871478
0.729441 0.710441 0.553522
0.812251 0.625633 0.715680
0.789594 0.761094 0.854262
0.578121 0.564178 0.636590
0.814488 0.662317 0.598080
0.830643 0.529335 0.863088
0.739387 0.535239 0.703939
0.566697 0.846899 0.906904
0.929367 0.518969 0.978863
0.787223 0.766801 0.793462
0.514379 0.688083 0.929191
0.963817 0.892084 0.705113
0.837965 0.650141 0.611847
0.795457 0.714681 0.544610
0.942779 0.842273 0.788496
0.972979 0.632908 0.629750
0.814680 0.577775 0.676819
0.618835 0.812567 0.925395
0.776470 0.932146 0.533791
0.988870 0.799861 0.724554
0.988532 0.885413 0.839063
0.782454 0.850074 0.572608
0.644029 0.610782 0.551730
0.779575 0.854193 0.750956
0.781148 0.781699 0.562564
0.971712 0.878322 0.564929
0.925948 0.589525 0.733015
0.565765 0.695779 0.766045
0.916819 0.699522 0.577374
0.837271 0.510624 0.817275
0.716088 0.927045 0.537549
0.865640 0.512888 0.819885
