500
0.966711 0.963029 0.670526
0.842892 0.748239 0.719236
0.824174 0.576323 0.786256
0.655130 0.555489 0.754189
0.788944 0.563448 0.581027
0.957660 0.857959 0.736055
0.666607 0.929741 0.656655
0.514115 0.561742 0.716964
0.759428 0.975428 0.696374
0.797810 0.533273 0.714514
0.568742 0.980220 0.848475
0.805504 0.971884 0.908215
0.717265 0.934310 0.531566
0.759310 0.797644 0.790491
0.854144 0.949469 0.695396
0.952109 0.539662 0.967077
0.568283 0.828515 0.882395
0.545633 0.853674 0.683183
0.858791 0.625990 0.963327
0.903008 0.685190 0.694952
0.878070 0.688889 0.592799
0.851527 0.854962 0.799300
0.968929 0.605005 0.615193
0.856670 0.893571 0.834179
0.767449 0.718828 0.536893
0.669124 0.849581 0.752573
0.511781 0.869028 0.703777
0.807285 0.959765 0.963841
0.671057 0.849416 0.828888
0.657808 0.575432 0.807729
0.608095 0.763931 0.786400
0.968162 0.572704 0.924460
0.960042 0.789296 0.517518
0.680358 0.952637 0.962887
0.620088 0.765292 0.948168
0.624408 0.685118 0.922391
0.708098 0.547545 0.876357
0.716647 0.853230 0.558080
0.956617 0.854385 0.545436
0.630189 0.944539 0.585971
0.816682 0.834986 0.665802
0.875955 0.525974 0.872568
0.870299 0.523220 0.874920
0.901043 0.880209 0.945036
0.959486 0.693209 0.543870
0.530868 0.576507 0.720528
0.902653 0.635431 0.674236
0.706831 0.951012 0.622180
0.689918 0.616773 0.617302
0.803898 0.751953 0.887248
0.815537 0.964084 0.750061
0.733565 0.781105 0.688847
0.976612 0.516029 0.850619
0.856997 0.572295 0.772044
0.681042 0.727164 0.615285
0.699899 0.967807 0.797185
0.595801 0.649965 0.874581
0.554387 0.660506 0.668940
0.800968 0.592172 0.520980
0.773965 0.600124 0.706521
0.893853 0.763315 0.873901
0.925163 0.707481 0.600867
0.799785 0.728030 0.932108
0.937050 0.964549 0.640303
0.582289 0.595109 0.927380
0.932195 0.546282 0.958070
0.614986 0.622233 0.657606
0.695123 0.960755 0.699750
0.684382 0.925002 0.708641
0.808434 0.517945 0.558922
0.749878 0.510195 0.613065
0.903412 0.817526 0.748935
0.591661 0.920411 0.538743
0.798990 0.747695 0.947855
0.559057 0.583295 0.743581
0.676845 0.603550 0.753135
0.794681 0.978020 0.690091
0.663296 0.933938 0.566921
0.759426 0.801679 0.621296
0.582670 0.526353 0.602322
0.605837 0.534645 0.690697
0.755524 0.550841 0.762809
0.689075 0.556289 0.702269
0.895494 0.553346 0.858529
0.975361 0.953017 0.627406
0.538756 0.976172 0.512715
0.853486 0.881820 0.813295
0.541273 0.523407 0.824182
0.752129 0.837599 0.593738
0.947548 0.961043 0.854291
0.853078 0.510436 0.673978
0.832877 0.844023 0.910174
0.878927 0.580363 0.936110
0.955791 0.891990 0.885228
0.646230 0.611864 0.958219
0.733014 0.730817 0.666643
0.518722 0.650196 0.890440
0.950776 0.657666 0.629648
0.755841 0.877014 0.895914
0.708437 0.956832 0.813721
0.721486 0.732158 0.631960
0.811140 0.590483 0.936688
0.826466 0.943426 0.632832
0.573283 0.712664 0.828453
0.730446 0.833587 0.514817
0.748406 0.771602 0.673568
0.809808 0.620734 0.841705
0.837947 0.513772 0.926241
0.531284 0.759796 0.792376
0.704975 0.654954 0.654474
0.873542 0.589508 0.594295
0.599227 0.938127 0.779895
0.681536 0.712502 0.884651
0.941910 0.519042 0.742386
0.902477 0.771332 0.775322
0.547172 0.550559 0.788229
0.653460 0.838698 0.863740
0.743983 0.631421 0.915763
0.803776 0.754671 0.638008
0.794550 0.681431 0.940885
0.542031 0.841621 0.545122
0.886300 0.890288 0.713777
0.859903 0.584448 0.732438
0.600052 0.801342 0.513604
0.751668 0.573877 0.834732
0.933561 0.749685 0.779884
0.899813 0.825322 0.542323
0.888208 0.941284 0.727271
0.844102 0.622478 0.754257
0.590694 0.963245 0.619854
0.966197 0.962452 0.521407
0.918053 0.988517 0.597748
0.573904 0.679438 0.916894
0.854177 0.916375 0.682355
0.780872 0.641891 0.544721
0.927321 0.561365 0.934795
0.644202 0.721797 0.628085
0.728009 0.611973 0.622694
0.899214 0.640911 0.891192
0.885712 0.643040 0.853396
0.699733 0.812793 0.821180
0.608741 0.525723 0.981449
0.816906 0.733334 0.652502
0.621330 0.824209 0.845859
0.977716 0.916301 0.640172
0.564851 0.525078 0.840134
0.748512 0.750112 0.895093
0.636359 0.544075 0.803362
0.744384 0.515396 0.646287
0.532337 0.563554 0.844956
0.579848 0.847829 0.865641
0.974797 0.953448 0.917211
0.591379 0.706240 0.891725
0.656748 0.968690 0.663692
0.771997 0.561862 0.932573
0.660836 0.575059 0.805195
0.742489 0.908668 0.823746
0.789588 0.558767 0.539954
0.580639 0.934943 0.802953
0.837203 0.511579 0.531188
0.721293 0.940423 0.690860
0.813430 0.674798 0.936320
0.565583 0.901117 0.701389
0.596986 0.890550 0.799133
0.890001 0.852517 0.668684
0.664656 0.984651 0.886642
0.835248 0.961239 0.636712
0.514572 0.907031 0.908431
0.541877 0.573513 0.924671
0.822948 0.627246 0.753699
0.561861 0.577234 0.682304
0.927567 0.700016 0.836419
0.752578 0.785196 0.935630
0.878252 0.740012 0.651125
0.540453 0.772565 0.605882
0.808379 0.545470 0.814912
0.514226 0.591849 0.639538
0.905659 0.764660 0.516121
0.875145 0.586142 0.721291
0.613273 0.774123 0.699432
0.766777 0.913754 0.673382
0.897790 0.927353 0.913850
0.915054 0.742300 0.521927
0.531055 0.847421 0.903528
0.679186 0.924623 0.781876
0.573746 0.542988 0.571543
0.880552 0.566709 0.780628
0.906799 0.944922 0.707015
0.723149 0.775554 0.720544
0.595750 0.557910 0.977648
0.913417 0.585041 0.697152
0.896446 0.557290 0.741260
0.922141 0.799765 0.546618
0.512991 0.927099 0.903180
0.974760 0.790741 0.527015
0.678397 0.916707 0.721329
0.615626 0.954798 0.941267
0.558203 0.679242 0.657907
0.612475 0.838976 0.655461
0.542046 0.830377 0.930310
0.855996 0.798612 0.798707
0.795482 0.960922 0.632422
0.750357 0.871911 0.821936
0.604959 0.596715 0.616511
0.671086 0.957217 0.582773
0.670310 0.950222 0.531026
0.563157 0.837630 0.651739
0.565794 0.725419 0.834844
0.717764 0.848461 0.567247
0.903515 0.564535 0.699748
0.764400 0.755078 0.586892
0.879659 0.546148 0.810773
0.963651 0.521896 0.565583
0.696746 0.745830 0.694216
0.904335 0.604242 0.874489
0.850117 0.825439 0.979206
0.843549 0.923944 0.887304
0.687861 0.586864 0.761772
0.701059 0.770881 0.846489
0.778979 0.530859 0.850857
0.579114 0.953872 0.530310
0.940314 0.966990 0.759814
0.543599 0.609286 0.689158
0.785633 0.637626 0.512711
0.567517 0.592625 0.607735
0.856701 0.948389 0.823637
0.554023 0.757665 0.592848
0.843179 0.659979 0.608957
0.821903 0.749762 0.963422
0.839042 0.798533 0.893292
0.677107 0.707324 0.706927
0.662767 0.989691 0.558958
0.902586 0.555541 0.555733
0.790061 0.758767 0.769762
0.860861 0.797499 0.559604
0.730410 0.951207 0.617408
0.571584 0.874890 0.981588
0.980397 0.634552 0.684253
0.649395 0.607601 0.906999
0.659694 0.887535 0.745827
0.822394 0.887916 0.680542
0.633624 0.879697 0.614055
0.919335 0.756153 0.863700
0.788781 0.731508 0.791467
0.964801 0.609333 0.532134
0.679645 0.684713 0.838490
0.704381 0.528393 0.734918
0.927948 0.621565 0.621467
0.846076 0.973915 0.618928
0.670186 0.807499 0.634641
0.571161 0.601094 0.690544
0.893974 0.824088 0.568818
0.690808 0.895642 0.795611
0.735212 0.940131 0.848337
0.659136 0.897347 0.943950
0.815019 0.917413 0.840812
0.822022 0.926560 0.768963
0.605082 0.562274 0.620978
0.857414 0.608871 0.857422
0.953867 0.627266 0.833892
0.574632 0.968545 0.732426
0.910006 0.629148 0.618285
0.536670 0.520373 0.829290
0.817289 0.630302 0.712432
0.817065 0.593619 0.755011
0.551169 0.690148 0.559362
0.966271 0.715036 0.923138
0.709611 0.709914 0.780576
0.964251 0.669347 0.560956
0.580846 0.747901 0.950849
0.812318 0.589977 0.710668
0.510789 0.584650 0.672231
0.554382 0.642811 0.754253
0.896064 0.828099 0.608430
0.981770 0.742011 0.516475
0.853539 0.920095 0.592812
0.842301 0.897317 0.838293
0.728729 0.696224 0.541617
0.739445 0.744578 0.709145
0.536605 0.651571 0.955235
0.831603 0.970512 0.792420
0.692739 0.574837 0.905931
0.551074 0.659801 0.874146
0.669124 0.796190 0.660746
0.954491 0.881360 0.693542
0.671037 0.887245 0.556176
0.845510 0.752123 0.654255
0.841230 0.885569 0.806365
0.527553 0.619036 0.522294
0.542634 0.710434 0.659956
0.533824 0.924871 0.733589
0.756556 0.670869 0.738994
0.584912 0.972582 0.742578
0.793733 0.588279 0.511619
0.516622 0.744522 0.964167
0.532512 0.511608 0.787241
0.589467 0.784423 0.987710
0.765534 0.932228 0.616031
0.911422 0.527264 0.986933
0.896410 0.562286 0.978014
0.948051 0.861093 0.629417
0.891549 0.532037 0.923158
0.914842 0.865700 0.891359
0.930756 0.770884 0.860965
0.956801 0.878749 0.516308
0.670257 0.566139 0.561049
0.621158 0.788307 0.937802
0.761559 0.765487 0.810790
0.644766 0.764501 0.761076
0.728692 0.868375 0.767371
0.639603 0.699583 0.963259
0.973903 0.750262 0.611978
0.965962 0.917635 0.822286
0.713388 0.546765 0.708274
0.546970 0.758076 0.679968
0.967111 0.722737 0.514532
0.558799 0.783174 0.599446
0.669197 0.699958 0.780644
0.686819 0.754429 0.733348
0.914005 0.752423 0.543241
0.945790 0.511861 0.877810
0.607995 0.761479 0.711060
0.785088 0.883046 0.696133
0.518188 0.791176 0.970277
0.986809 0.528040 0.778454
0.665667 0.712861 0.721125
0.567196 0.861371 0.665078
0.720974 0.644919 0.837699
0.928611 0.944419 0.859472
0.551982 0.989490 0.792740
0.639738 0.828658 0.543134
0.644080 0.721419 0.573589
0.793044 0.579397 0.587445
0.538228 0.810624 0.858773
0.622716 0.645757 0.729943
0.566595 0.537395 0.544064
0.694870 0.623153 0.691703
0.650079 0.983367 0.613482
0.927383 0.749733 0.628887
0.656321 0.679924 0.623378
0.786772 0.601417 0.554699
0.929235 0.522782 0.536469
0.772273 0.811810 0.942763
0.788164 0.780244 0.823735
0.825137 0.564493 0.540963
0.748864 0.775784 0.571766
0.970359 0.620090 0.907801
0.899301 0.705797 0.547319
0.850667 0.714320 0.697698
0.511394 0.556213 0.678284
0.880059 0.864921 0.603703
0.786771 0.952614 0.714245
0.683472 0.547101 0.559364
0.556934 0.976613 0.652812
0.921509 0.722868 0.705052
0.648085 0.771791 0.816158
0.662560 0.661287 0.600314
0.959449 0.668858 0.518930
0.511898 0.872166 0.827074
0.714550 0.972233 0.670211
0.711153 0.734741 0.896706
0.659242 0.967348 0.546382
0.819223 0.523485 0.728443
0.801910 0.708595 0.905250
0.857903 0.537433 0.900112
0.917093 0.771027 0.853256
0.742595 0.903401 0.588432
0.887072 0.787392 0.523725
0.597473 0.555925 0.935697
0.635218 0.583395 0.874918
0.646056 0.872698 0.739245
0.574710 0.862893 0.945438
0.541202 0.898038 0.956681
0.984215 0.632079 0.818851
0.755124 0.927150 0.544579
0.816564 0.767654 0.987318
0.782940 0.844928 0.655075
0.540439 0.925497 0.687098
0.847984 0.827591 0.604720
0.666282 0.840408 0.523878
0.829478 0.957024 0.771133
0.982222 0.567049 0.805401
0.607624 0.713949 0.973375
0.706371 0.546920 0.766517
0.982145 0.824750 0.539617
0.894253 0.863385 0.868263
0.943337 0.523478 0.635992
0.752366 0.572668 0.742319
0.624942 0.690008 0.892017
0.942911 0.844074 0.730845
0.918570 0.758916 0.519902
0.719984 0.656414 0.866680
0.633873 0.791588 0.857305
0.580194 0.639787 0.547536
0.625782 0.951298 0.549251
0.643382 0.787928 0.969376
0.625463 0.746061 0.555764
0.948072 0.534953 0.608840
0.695425 0.521772 0.857089
0.984568 0.697349 0.630457
0.595300 0.518942 0.851002
0.835796 0.911843 0.884475
0.525319 0.744337 0.582113
0.670850 0.917237 0.839180
0.959546 0.812079 0.886051
0.531490 0.760758 0.576959
0.867296 0.553461 0.774277
0.707752 0.979867 0.825441
0.590285 0.584535 0.672290
0.774396 0.656909 0.734624
0.606230 0.628120 0.525673
0.523488 0.666483 0.530855
0.932608 0.862898 0.566485
0.774092 0.589926 0.697150
0.660201 0.577492 0.984513
0.674093 0.782360 0.547117
0.795728 0.727928 0.863308
0.862425 0.975027 0.639904
0.795605 0.846321 0.919141
0.943308 0.778221 0.931600
0.599322 0.781260 0.550086
0.698751 0.724648 0.788114
0.897548 0.713170 0.629435
0.833050 0.706291 0.828264
0.834273 0.530348 0.859731
0.512750 0.743400 0.891482
0.811780 0.608049 0.968681
0.766132 0.618357 0.782549
0.869264 0.595667 0.539980
0.988379 0.916867 0.840139
0.900299 0.609851 0.901259
0.876721 0.689876 0.620834
0.822165 0.930425 0.638746
0.555617 0.781889 0.597509
0.517664 0.566644 0.986047
0.668659 0.750686 0.781845
0.917994 0.660526 0.658493
0.672658 0.523967 0.590151
0.588265 0.740265 0.576259
0.749185 0.859554 0.884109
0.645025 0.887804 0.963970
0.856287 0.526149 0.890016
0.579751 0.746018 0.574770
0.773215 0.604597 0.551557
0.845419 0.892726 0.794543
0.535117 0.658707 0.601516
0.671946 0.666294 0.751334
0.568621 0.522095 0.828562
0.560980 0.893107 0.515545
0.839587 0.945501 0.981645
0.846901 0.770500 0.735973
0.684215 0.853961 0.910942
0.878536 0.766292 0.889626
0.906921 0.909254 0.559738
0.665890 0.921446 0.548742
0.825904 0.869459 0.921052
0.847926 0.525887 0.803381
0.893666 0.747817 0.860022
0.807784 0.553211 0.615787
0.678553 0.900480 0.952862
0.613076 0.665989 0.639677
0.683635 0.670369 0.565708
0.510546 0.845508 0.905315
0.859405 0.747861 0.655820
0.574458 0.665265 0.702726
0.680327 0.656774 0.722949
0.710509 0.884219 0.832916
0.543058 0.511933 0.912693
0.661324 0.733050 0.971406
0.753730 0.553554 0.547863
0.584144 0.755029 0.526902
0.627061 0.886787 0.954654
0.524716 0.935553 0.962881
0.814873 0.833509 0.940462
0.670915 0.933586 0.567632
0.804959 0.542524 0.970157
0.859424 0.665136 0.552742
0.608152 0.942041 0.738313
0.632269 0.579365 0.523076
0.521790 0.665517 0.685553
0.575980 0.897195 0.562966
0.612789 0.610174 0.587005
0.961717 0.960852 0.827478
0.954310 0.938460 0.628237
0.722275 0.566264 0.534361
0.944675 0.929192 0.685168
0.694589 0.835129 0.989993
0.566152 0.743695 0.663048
0.888082 0.970753 0.835423
0.950721 0.960301 0.711009
0.897478 0.830383 0.631749
0.931419 0.871841 0.976546
0.734902 0.781454 0.924750
0.537978 0.555310 0.758761
0.746025 0.906209 0.898150
0.892328 0.580779 0.731954
0.537098 0.645262 0.534994
0.786413 0.569397 0.577153
0.859197 0.902564 0.983266
0.523275 0.944805 0.974467
