500
0.591384 0.584816 0.861802
0.515649 0.534630 0.984324
0.878512 0.808068 0.974192
0.847112 0.845119 0.715146
0.800517 0.611527 0.556321
0.983020 0.949606 0.924468
0.932841 0.562029 0.634343
0.534783 0.636307 0.635750
0.986398 0.815031 0.605001
0.586412 0.989447 0.827468
0.906928 0.811810 0.541502
0.978471 0.731680 0.898035
0.512263 0.539771 0.634167
0.901247 0.854108 0.625577
0.721020 0.644350 0.595958
0.893916 0.629910 0.710838
0.905169 0.660853 0.699400
0.889780 0.912374 0.979260
0.813683 0.574391 0.558373
0.742867 0.565759 0.632340
0.971687 0.597699 0.967551
0.592610 0.873343 0.840074
0.932916 0.860425 0.746900
0.538180 0.891851 0.521522
0.600496 0.559191 0.875308
0.618840 0.638960 0.823623
0.722913 0.674132 0.513244
0.530147 0.769527 0.699218
0.902892 0.674198 0.879602
0.974285 0.576014 0.521723
0.855528 0.930769 0.727055
0.853901 0.514288 0.582309
0.940014 0.657908 0.593847
0.582816 0.758802 0.622244
0.838653 0.797000 0.904959
0.644319 0.715235 0.668575
0.573421 0.630022 0.620555
0.613702 0.982273 0.646911
0.526634 0.879737 0.538955
0.550068 0.828661 0.983949
0.644352 0.651049 0.697883
0.789934 0.759717 0.585272
0.601384 0.614616 0.651507
0.798543 0.876609 0.524820
0.905528 0.773794 0.913551
0.896755 0.922650 0.579768
0.630627 0.518635 0.674545
0.864089 0.955304 0.813065
0.636858 0.553804 0.967201
0.941902 0.966159 0.604907
0.530694 0.613618 0.546168
0.829541 0.556570 0.634701
0.853320 0.799363 0.727711
0.914415 0.564586 0.942489
0.792226 0.716460 0.617870
0.706567 0.534487 0.793668
0.900931 0.971417 0.546238
0.736079 0.723919 0.801868
0.760181 0.984020 0.961892
0.691238 0.795591 0.936004
0.554689 0.964546 0.849391
0.747696 0.541866 0.773097
0.922119 0.897334 0.915552
0.855506 0.675961 0.930825
0.974442 0.907953 0.981375
0.920044 0.939565 0.598803
0.751405 0.881558 0.624382
0.669195 0.758688 0.679848
0.652402 0.943675 0.629418
0.681726 0.981791 0.862136
0.676210 0.525405 0.580479
0.570675 0.574174 0.793683
0.541697 0.578625 0.563567
0.708026 0.678385 0.679323
0.659952 0.683225 0.703935
0.800360 0.754430 0.705854
0.723767 0.921452 0.698017
0.842977 0.886066 0.831505
0.889329 0.961959 0.845931
0.940668 0.766577 0.935640
0.575242 0.691984 0.628813
0.697040 0.816603 0.753678
0.796119 0.861395 0.536281
0.885855 0.852045 0.735747
0.754417 0.553005 0.594164
0.889208 0.700729 0.877512
0.846692 0.511189 0.854550
0.974981 0.532272 0.948868
0.614238 0.716023 0.851600
0.540307 0.902935 0.590069
0.561008 0.870452 0.805429
0.545686 0.834956 0.949988
0.727131 0.744616 0.883012
0.790127 0.827400 0.906618
0.689283 0.531050 0.527016
0.713423 0.937066 0.853113
0.959453 0.591328 0.898672
0.538172 0.763317 0.747340
0.716566 0.667032 0.605046
0.745269 0.635327 0.546494
0.690473 0.550457 0.901177
0.526459 0.617298 0.983474
0.955352 0.695047 0.778653
0.864088 0.694471 0.912831
0.936110 0.882929 0.547524
0.575662 0.624233 0.833439
0.772575 0.682948 0.638911
0.610147 0.572499 0.565384
0.670723 0.985882 0.850716
0.600108 0.699994 0.988470
0.957297 0.704788 0.982014
0.923421 0.984407 0.670242
0.532002 0.647055 0.748928
0.626563 0.746319 0.837841
0.733608 0.578581 0.845810
0.917283 0.616985 0.763057
0.549630 0.546271 0.654621
0.954870 0.645167 0.917682
0.975504 0.531819 0.804020
0.665135 0.576618 0.520209
0.534387 0.980434 0.637986
0.853074 0.696218 0.747548
0.649715 0.882140 0.771030
0.599423 0.749353 0.604116
0.638184 0.844423 0.881463
0.641037 0.653186 0.520324
0.693048 0.765526 0.932827
0.519353 0.683941 0.737713
0.940880 0.950055 0.627498
0.543318 0.580017 0.728743
0.578984 0.737000 0.688487
0.985689 0.885331 0.732635
0.553270 0.810664 0.936930
0.922740 0.663474 0.607646
0.737298 0.939348 0.592426
0.531644 0.862881 0.906731
0.832882 0.723712 0.807892
0.872744 0.702159 0.762896
0.519342 0.739561 0.822628
0.587628 0.810853 0.535004
0.777497 0.629988 0.590302
0.691099 0.708871 0.647487
0.636628 0.936736 0.810246
0.982961 0.599377 0.962719
0.916181 0.801006 0.726402
0.878861 0.936680 0.901855
0.621427 0.821657 0.946113
0.529803 0.563028 0.543776
0.781237 0.812165 0.510550
0.562578 0.976175 0.875713
0.765137 0.792651 0.628390
0.764969 0.811162 0.582078
0.946994 0.604025 0.589531
0.782828 0.693555 0.593181
0.593578 0.909038 0.828115
0.782828 0.756717 0.966964
0.633890 0.900130 0.983799
0.933812 0.863326 0.605188
0.795471 0.953172 0.872131
0.902112 0.788528 0.889141
0.726686 0.764238 0.877354
0.730847 0.726518 0.624043
0.532427 0.572783 0.525273
0.952262 0.705580 0.787677
0.883144 0.927250 0.540176
0.626634 0.548874 0.899715
0.947638 0.964589 0.592273
0.934024 0.674981 0.642350
0.640426 0.747834 0.719888
0.697087 0.831153 0.796051
0.854471 0.780315 0.850572
0.862061 0.641781 0.548112
0.771494 0.595474 0.555628
0.590546 0.583685 0.765229
0.585209 0.656148 0.871399
0.981649 0.560764 0.528642
0.897779 0.917363 0.676542
0.925819 0.571469 0.987072
0.528212 0.873503 0.687239
0.628497 0.569069 0.603510
0.852907 0.849677 0.545803
0.597263 0.571349 0.515568
0.951171 0.816657 0.893067
0.516542 0.738296 0.926056
0.983738 0.727347 0.834175
0.542538 0.684629 0.858471
0.616806 0.885379 0.882314
0.730995 0.936814 0.622954
0.896200 0.899257 0.805814
0.680757 0.884260 0.538009
0.618223 0.981828 0.647849
0.901261 0.976184 0.874885
0.576331 0.595556 0.801392
0.938932 0.926366 0.862923
0.685801 0.875641 0.660477
0.792213 0.759240 0.703172
0.905228 0.696402 0.526470
0.976869 0.584218 0.651057
0.593367 0.768047 0.808314
0.754510 0.950459 0.866890
0.659249 0.756894 0.906695
0.883468 0.781045 0.715030
0.909773 0.570925 0.885795
0.544532 0.810871 0.767407
0.715658 0.977114 0.876729
0.666458 0.784963 0.613586
0.566085 0.925944 0.881740
0.726622 0.867343 0.950374
0.747804 0.936123 0.829403
0.830784 0.930135 0.607534
0.797398 0.522256 0.737078
0.651109 0.763979 0.870783
0.730836 0.696500 0.829720
0.757484 0.791031 0.862211
0.861053 0.818753 0.758010
0.910216 0.960092 0.941846
0.893398 0.654652 0.832685
0.530679 0.556520 0.631620
0.960820 0.795228 0.660230
0.514241 0.692146 0.875540
0.733471 0.603261 0.570767
0.540319 0.832678 0.724031
0.802239 0.882766 0.820436
0.701125 0.925877 0.779455
0.983583 0.957361 0.581695
0.812569 0.884485 0.685558
0.849417 0.926265 0.790426
0.848229 0.728963 0.712184
0.581801 0.931441 0.699789
0.683131 0.767881 0.852400
0.711026 0.640900 0.808712
0.862496 0.720760 0.747245
0.747342 0.932027 0.917683
0.835240 0.783232 0.558411
0.674160 0.556152 0.572327
0.523160 0.969796 0.742658
0.894116 0.539550 0.903201
0.510759 0.720055 0.727877
0.514768 0.937126 0.721893
0.684177 0.834247 0.669724
0.571203 0.720846 0.730491
0.625592 0.616908 0.983319
0.556714 0.686653 0.750891
0.586462 0.836138 0.975937
0.559669 0.516955 0.669780
0.648342 0.967544 0.730613
0.946247 0.909034 0.860054
0.703548 0.892487 0.867394
0.793654 0.717434 0.610868
0.751128 0.601283 0.558079
0.759001 0.657209 0.678396
0.893899 0.556177 0.791344
0.816064 0.541058 0.787797
0.624244 0.664820 0.766931
0.792895 0.845644 0.926828
0.922128 0.521929 0.590401
0.943931 0.920653 0.530271
0.864067 0.841614 0.958398
0.823869 0.957439 0.987247
0.597838 0.542946 0.750840
0.515913 0.824757 0.830609
0.664844 0.949973 0.599559
0.927515 0.722457 0.847366
0.964640 0.549858 0.740244
0.635067 0.729720 0.826578
0.905337 0.537266 0.885024
0.939589 0.544515 0.972816
0.564699 0.871947 0.861222
0.670098 0.580197 0.919598
0.749133 0.619269 0.748462
0.586633 0.877163 0.625666
0.661999 0.888936 0.700850
0.575684 0.742201 0.945416
0.929790 0.892949 0.643681
0.843900 0.687809 0.517903
0.844565 0.747433 0.771747
0.738793 0.716229 0.594958
0.543901 0.751875 0.953572
0.613791 0.646550 0.936322
0.831503 0.963400 0.939338
0.609430 0.569775 0.913764
0.916578 0.783672 0.848557
0.865217 0.618528 0.882748
0.742005 0.664920 0.905326
0.629102 0.734828 0.742989
0.569357 0.537276 0.614340
0.762673 0.522312 0.539673
0.949189 0.864832 0.564038
0.647351 0.708609 0.926607
0.933484 0.785562 0.799820
0.961561 0.787707 0.521022
0.670347 0.626027 0.568444
0.980514 0.861553 0.849600
0.647831 0.515862 0.538490
0.519574 0.762728 0.978972
0.723690 0.807461 0.878380
0.845964 0.911319 0.515691
0.928885 0.574448 0.679352
0.684154 0.745810 0.529557
0.789540 0.897802 0.900290
0.687944 0.636913 0.690112
0.791217 0.850669 0.894746
0.560125 0.848656 0.873337
0.571257 0.949540 0.832147
0.975072 0.743082 0.621277
0.985437 0.582061 0.923999
0.788700 0.930464 0.953924
0.682845 0.750764 0.548940
0.898187 0.724363 0.941545
0.770660 0.873237 0.935365
0.593971 0.831238 0.515924
0.600580 0.808440 0.650805
0.628167 0.674504 0.772311
0.715854 0.643693 0.966661
0.797277 0.906488 0.779474
0.669358 0.797944 0.733237
0.766581 0.522352 0.564775
0.827432 0.807379 0.780407
0.976028 0.675740 0.932402
0.931604 0.566483 0.951452
0.856582 0.980793 0.648737
0.778901 0.779934 0.540714
0.628809 0.974650 0.593919
0.844997 0.726855 0.820171
0.709240 0.707411 0.972094
0.938011 0.921344 0.721568
0.524343 0.669884 0.688477
0.546583 0.628793 0.661640
0.798248 0.590794 0.552605
0.717650 0.967750 0.767753
0.574509 0.516306 0.786681
0.555173 0.766367 0.649908
0.642563 0.752862 0.951400
0.590441 0.540277 0.571123
0.773974 0.831749 0.693262
0.820433 0.819354 0.756663
0.587690 0.534926 0.518612
0.736583 0.883608 0.949731
0.817196 0.968846 0.914361
0.771739 0.709233 0.903745
0.589044 0.560179 0.952043
0.774977 0.897958 0.730996
0.946825 0.516259 0.754381
0.695430 0.673560 0.983011
0.710896 0.790112 0.786892
0.792773 0.783375 0.612833
0.973811 0.853836 0.523377
0.710289 0.558932 0.590549
0.866193 0.807709 0.971752
0.674090 0.793574 0.871620
0.605213 0.718700 0.860431
0.913703 0.598522 0.729605
0.909279 0.613227 0.616051
0.609141 0.897787 0.525921
0.679146 0.984165 0.981152
0.677857 0.781217 0.556523
0.907190 0.768191 0.526943
0.947048 0.530525 0.600147
0.642822 0.595702 0.523926
0.872045 0.580849 0.630245
0.761628 0.644577 0.898996
0.696274 0.520913 0.752361
0.723237 0.982636 0.738191
0.821902 0.979636 0.631162
0.959111 0.936953 0.799035
0.856799 0.775684 0.933374
0.635501 0.617400 0.825392
0.633428 0.645737 0.895739
0.748601 0.833542 0.647906
0.558059 0.619659 0.689707
0.821871 0.525624 0.925652
0.541891 0.601932 0.939403
0.895612 0.896339 0.957216
0.897154 0.932381 0.878596
0.822818 0.619363 0.925674
0.888936 0.512493 0.541347
0.616824 0.631435 0.666197
0.890707 0.753404 0.959225
0.732726 0.708063 0.805732
0.781860 0.564470 0.807919
0.891416 0.684936 0.835834
0.680545 0.785589 0.556025
0.897746 0.750586 0.697640
0.757550 0.613021 0.538169
0.794640 0.975943 0.815901
0.964882 0.629505 0.738140
0.752308 0.611612 0.679834
0.897309 0.751848 0.870141
0.832447 0.617316 0.843177
0.732260 0.814122 0.730198
0.605236 0.657591 0.787094
0.685033 0.804013 0.927201
0.690178 0.804131 0.703008
0.872552 0.709947 0.600753
0.910828 0.669202 0.620218
0.634156 0.743883 0.975117
0.806540 0.906620 0.653556
0.564431 0.652487 0.910842
0.719618 0.911629 0.780653
0.793945 0.965798 0.524990
0.827269 0.581924 0.862219
0.514684 0.799352 0.971022
0.679283 0.951257 0.863197
0.529382 0.845352 0.582296
0.822377 0.745033 0.542881
0.650470 0.829539 0.937948
0.928081 0.558911 0.760898
0.896142 0.888034 0.898692
0.922165 0.584112 0.771118
0.525195 0.986771 0.518462
0.738781 0.867633 0.719093
0.590509 0.864191 0.548290
0.786315 0.887026 0.635367
0.706215 0.939767 0.741395
0.568211 0.881635 0.647609
0.681361 0.681103 0.649001
0.930975 0.838671 0.651277
0.757550 0.895297 0.752145
0.673420 0.637243 0.983311
0.669461 0.789916 0.735686
0.939769 0.581182 0.624275
0.637494 0.832914 0.523218
0.953769 0.656816 0.913148
0.724862 0.550628 0.848660
0.552581 0.694995 0.827299
0.734256 0.591838 0.595638
0.861996 0.933732 0.718097
0.622578 0.812638 0.520920
0.613775 0.512391 0.588418
0.680990 0.599819 0.519605
0.696478 0.826485 0.772895
0.930271 0.589467 0.760873
0.873467 0.571685 0.676592
0.790987 0.835618 0.793825
0.681393 0.868149 0.597684
0.970129 0.955502 0.830753
0.961266 0.578717 0.752025
0.845119 0.845218 0.836024
0.740558 0.601269 0.672254
0.766830 0.612197 0.920693
0.757692 0.861368 0.596739
0.895404 0.792122 0.859252
0.611956 0.890024 0.635844
0.895609 0.774443 0.958499
0.549314 0.951231 0.547449
0.784701 0.609602 0.708114
0.720466 0.831890 0.751171
0.648724 0.562731 0.799020
0.834096 0.794240 0.980839
0.514923 0.747823 0.898313
0.726429 0.762498 0.986864
0.692893 0.686580 0.901452
0.924997 0.902529 0.791327
0.629617 0.512266 0.567714
0.871247 0.722602 0.800478
0.577157 0.608503 0.576309
0.638556 0.735727 0.785908
0.925038 0.704342 0.745663
0.760334 0.975811 0.953708
0.913621 0.636543 0.745781
0.744691 0.682240 0.861298
0.605224 0.919601 0.887730
0.961319 0.897537 0.797042
0.558903 0.647100 0.604422
0.849241 0.556902 0.866636
0.690657 0.545786 0.529720
0.927449 0.802518 0.608707
0.873956 0.730520 0.845157
0.537141 0.520806 0.630943
0.556216 0.749557 0.660639
0.942353 0.612519 0.979430
0.762496 0.812704 0.699689
0.908584 0.776336 0.938876
0.775309 0.750756 0.737691
0.915977 0.724112 0.567923
0.674626 0.529950 0.906581
0.803979 0.661009 0.758839
0.609381 0.701612 0.513533
0.685994 0.963290 0.951173
0.638250 0.569216 0.630265
0.747661 0.687193 0.520533
0.778388 0.807347 0.746026
0.692767 0.712947 0.826980
0.551203 0.887638 0.981329
0.753683 0.571724 0.531626
0.542476 0.746752 0.519757
0.692739 0.705919 0.926868
0.761497 0.846684 0.549068
0.708862 0.582686 0.574499
0.971538 0.683409 0.809470
0.972679 0.973177 0.611101
0.621824 0.927132 0.615709
0.738471 0.829626 0.527899
0.564593 0.559232 0.651828
0.786491 0.840081 0.561690
0.774968 0.806948 0.655294
0.937908 0.593066 0.737600
0.673208 0.832275 0.635591
0.867854 0.533656 0.691089
0.621536 0.667724 0.914981
