500
0.785256 0.733248 0.567056
0.604344 0.870027 0.650715
0.612145 0.543201 0.954574
0.514412 0.769934 0.571349
0.984543 0.696290 0.732201
0.712168 0.586988 0.776219
0.731389 0.678599 0.915370
0.633484 0.590777 0.592592
0.925743 0.878850 0.732965
0.886942 0.828538 0.746183
0.845000 0.958971 0.823008
0.520833 0.736450 0.748897
0.680934 0.867569 0.833382
0.920353 0.754709 0.523138
0.691559 0.586868 0.694322
0.517399 0.762726 0.650382
0.684123 0.718931 0.840612
0.808945 0.896934 0.957854
0.946990 0.856451 0.972023
0.627901 0.968176 0.665540
0.813778 0.960270 0.687131
0.875104 0.935132 0.539651
0.803244 0.948790 0.743149
0.735299 0.939140 0.616675
0.834227 0.953689 0.673380
0.751634 0.635470 0.979560
0.689293 0.858568 0.672919
0.676613 0.889378 0.951627
0.934939 0.922064 0.553828
0.902242 0.686613 0.987295
0.600212 0.947769 0.798619
0.914855 0.955263 0.764842
0.707531 0.521572 0.603998
0.641047 0.836076 0.826148
0.599961 0.542818 0.582630
0.816496 0.659220 0.606347
0.555168 0.712530 0.750680
0.948583 0.959277 0.955958
0.662130 0.528725 0.854107
0.795727 0.897722 0.682039
0.570507 0.870227 0.886100
0.730004 0.907210 0.733092
0.896419 0.741637 0.614939
0.520802 0.891064 0.572159
0.672681 0.927493 0.852505
0.824121 0.685684 0.807830
0.564116 0.768176 0.850007
0.752329 0.747298 0.658804
0.852099 0.761371 0.621558
0.796311 0.894876 0.924261
0.569127 0.812885 0.657812
0.677707 0.719324 0.634052
0.567668 0.518233 0.615662
0.707760 0.679088 0.602074
0.631774 0.843787 0.514927
0.632300 0.791706 0.918752
0.842384 0.619589 0.882525
0.923969 0.726463 0.549816
0.733109 0.644300 0.788923
0.742482 0.695945 0.782791
0.632547 0.652980 0.890594
0.572294 0.855114 0.581592
0.879796 0.912587 0.699571
0.664432 0.587181 0.688774
0.808763 0.834604 0.700120
0.617196 0.819244 0.843069
0.944431 0.648247 0.978925
0.719058 0.937335 0.930002
0.533619 0.757233 0.685411
0.713961 0.818687 0.524549
0.810721 0.942315 0.574156
0.786671 0.844902 0.604724
0.539356 0.648116 0.611981
0.868628 0.952672 0.986588
0.932333 0.518255 0.807431
0.608910 0.937560 0.854917
0.523941 0.939584 0.844201
0.661567 0.939967 0.815864
0.583681 0.636111 0.583837
0.712614 0.898933 0.550133
0.512284 0.760305 0.984402
0.712817 0.619474 0.633640
0.936483 0.629494 0.527182
0.873111 0.731749 0.984766
0.799428 0.960736 0.864896
0.604665 0.550580 0.779903
0.663883 0.912923 0.979980
0.764561 0.652048 0.890368
0.629011 0.832314 0.727344
0.836003 0.881336 0.951846
0.828795 0.633999 0.546791
0.852873 0.661636 0.859828
0.883025 0.672931 0.956718
0.650364 0.576026 0.896467
0.695053 0.669651 0.638665
0.594350 0.907347 0.691989
0.556246 0.527519 0.931730
0.639972 0.644606 0.666610
0.526120 0.631689 0.645654
0.694405 0.819286 0.820089
0.747664 0.801310 0.763864
0.535447 0.935873 0.845156
0.793124 0.871907 0.881043
0.688274 0.891689 0.732747
0.788146 0.764767 0.890807
0.544549 0.873915 0.799854
0.861383 0.910025 0.832023
0.520203 0.547201 0.734882
0.935539 0.937726 0.951553
0.774652 0.971337 0.860935
0.644848 0.656482 0.955195
0.771848 0.629457 0.650485
0.634671 0.888679 0.787911
0.656329 0.858789 0.531083
0.943703 0.627583 0.603731
0.889983 0.921118 0.828378
0.918220 0.757827 0.594148
0.611811 0.808671 0.550806
0.929785 0.921934 0.716389
0.546088 0.867519 0.803440
0.943685 0.727335 0.799600
0.983315 0.589511 0.829863
0.689895 0.891159 0.552357
0.577560 0.700699 0.755817
0.620022 0.553284 0.699974
0.828075 0.727299 0.593535
0.694933 0.720589 0.946372
0.524235 0.525236 0.818570
0.714120 0.961228 0.740704
0.693204 0.651047 0.830074
0.548286 0.709816 0.610509
0.824583 0.811205 0.705823
0.712959 0.924590 0.984687
0.678706 0.556173 0.919424
0.794954 0.883612 0.645074
0.811123 0.799482 0.966756
0.926164 0.732044 0.806218
0.670106 0.847187 0.610195
0.828518 0.671056 0.811157
0.538835 0.567917 0.532604
0.758859 0.786976 0.612186
0.885296 0.630604 0.806780
0.591474 0.988060 0.582421
0.516855 0.944531 0.781782
0.572585 0.945638 0.966946
0.679839 0.544174 0.730479
0.915414 0.609539 0.602627
0.878163 0.741542 0.762467
0.918397 0.606482 0.567274
0.935219 0.851845 0.705427
0.928131 0.825367 0.644426
0.775818 0.937486 0.853250
0.739123 0.923328 0.784978
0.972864 0.739900 0.538416
0.649957 0.904634 0.582564
0.583245 0.986471 0.556996
0.861779 0.584366 0.831878
0.670097 0.512307 0.610918
0.768368 0.874972 0.613690
0.553138 0.590722 0.580715
0.921783 0.702268 0.801583
0.851027 0.603382 0.776075
0.612115 0.828752 0.820760
0.738367 0.770317 0.610296
0.735101 0.870531 0.715652
0.922347 0.612678 0.981005
0.738725 0.868615 0.928319
0.857549 0.791713 0.709778
0.854389 0.696528 0.760239
0.652280 0.838140 0.694732
0.771146 0.922276 0.942763
0.781463 0.658691 0.834945
0.573024 0.731036 0.577600
0.974237 0.681104 0.712739
0.565342 0.970603 0.787657
0.851940 0.584942 0.804522
0.942212 0.678811 0.801648
0.938918 0.792008 0.527896
0.588659 0.740640 0.857861
0.644102 0.920975 0.797094
0.613630 0.601351 0.597507
0.972457 0.685471 0.977770
0.793638 0.561369 0.845154
0.554640 0.778548 0.702880
0.548027 0.820882 0.607249
0.689822 0.826079 0.838585
0.523437 0.592830 0.576181
0.951610 0.719222 0.772756
0.893063 0.617607 0.886542
0.912213 0.720697 0.784711
0.929607 0.683674 0.879096
0.935141 0.618826 0.796425
0.798202 0.690322 0.926078
0.679236 0.608297 0.614866
0.688183 0.901655 0.541111
0.519212 0.624657 0.575477
0.595344 0.843657 0.541242
0.986594 0.887292 0.758924
0.968126 0.971241 0.694127
0.714545 0.886413 0.709906
0.885604 0.926344 0.872620
0.789762 0.880951 0.641391
0.884705 0.741526 0.856125
0.903508 0.710467 0.608136
0.642678 0.833943 0.885610
0.563876 0.642231 0.765105
0.523802 0.530935 0.696841
0.766118 0.538776 0.607468
0.964236 0.755880 0.563437
0.984563 0.769903 0.740118
0.971192 0.519508 0.550631
0.893502 0.561928 0.564632
0.696322 0.689128 0.678353
0.863822 0.672102 0.923042
0.828015 0.621034 0.892442
0.816303 0.648939 0.608730
0.928014 0.783849 0.934517
0.535732 0.613897 0.844978
0.700324 0.806393 0.575415
0.512226 0.963166 0.546395
0.780062 0.666366 0.530016
0.985678 0.728197 0.961512
0.593322 0.534670 0.757591
0.801627 0.838758 0.574651
0.790673 0.787762 0.826104
0.797927 0.820287 0.715468
0.820997 0.620963 0.517389
0.655436 0.663874 0.608710
0.624946 0.775889 0.857163
0.866153 0.559637 0.583098
0.645411 0.675421 0.586445
0.550140 0.594944 0.682766
0.589421 0.627501 0.880221
0.947575 0.908467 0.664197
0.556343 0.815822 0.757828
0.550358 0.875542 0.753423
0.593662 0.707148 0.596509
0.919581 0.771787 0.608597
0.897336 0.691791 0.555262
0.775220 0.581796 0.659512
0.670144 0.603652 0.544516
0.588257 0.685228 0.958916
0.924589 0.987037 0.921719
0.618039 0.965425 0.723708
0.736122 0.536226 0.787189
0.751952 0.703220 0.689681
0.751886 0.670880 0.540980
0.807519 0.551063 0.902854
0.772753 0.828111 0.898396
0.786655 0.534865 0.958079
0.724243 0.748746 0.780855
0.808191 0.937747 0.914149
0.661689 0.693723 0.772053
0.626725 0.794204 0.777781
0.597722 0.747567 0.880007
0.556334 0.518894 0.954592
0.762676 0.871242 0.839057
0.896534 0.863765 0.599462
0.731992 0.662688 0.743563
0.690986 0.976870 0.813341
0.646130 0.851460 0.723456
0.971708 0.633149 0.790634
0.853217 0.510803 0.616854
0.568065 0.947743 0.845734
0.931292 0.610331 0.590225
0.523908 0.848032 0.904234
0.954811 0.914274 0.739370
0.632198 0.955209 0.849390
0.881278 0.810992 0.748235
0.709040 0.752311 0.961357
0.804209 0.794887 0.514771
0.673460 0.675863 0.619512
0.944210 0.720790 0.736184
0.799726 0.563456 0.930226
0.627589 0.753783 0.907568
0.637797 0.573180 0.956255
0.698325 0.824829 0.961087
0.570694 0.820976 0.585272
0.617128 0.531201 0.598577
0.873039 0.825247 0.935365
0.738701 0.578891 0.912181
0.586904 0.734614 0.517376
0.777297 0.948532 0.550014
0.663871 0.679639 0.604872
0.590246 0.541962 0.636925
0.838186 0.596214 0.960400
0.912732 0.702311 0.883546
0.629877 0.615047 0.814627
0.599501 0.782070 0.949645
0.686924 0.792585 0.631331
0.587934 0.971239 0.835879
0.903239 0.893020 0.636204
0.525915 0.956769 0.982437
0.730450 0.675429 0.859126
0.808476 0.797852 0.622605
0.966662 0.618111 0.755656
0.741232 0.526058 0.814405
0.561443 0.785615 0.843531
0.718627 0.846411 0.678476
0.763212 0.526631 0.603779
0.597941 0.787127 0.907739
0.823714 0.930129 0.542210
0.629348 0.756669 0.686465
0.889495 0.936862 0.979791
0.584132 0.812353 0.793919
0.544420 0.963594 0.527775
0.753117 0.695833 0.988654
0.904902 0.944398 0.737393
0.635028 0.869322 0.975190
0.977332 0.534038 0.612331
0.658969 0.780458 0.814983
0.706484 0.986705 0.602821
0.599467 0.560412 0.923230
0.953589 0.663743 0.588182
0.572961 0.661174 0.790918
0.942494 0.809260 0.672922
0.789329 0.635368 0.832281
0.564486 0.574017 0.594228
0.666829 0.545201 0.837857
0.849629 0.614352 0.939821
0.984607 0.853980 0.566758
0.593470 0.711091 0.978008
0.782109 0.894490 0.887299
0.901375 0.671700 0.585132
0.947285 0.540224 0.742465
0.802916 0.966498 0.523019
0.874382 0.814758 0.706945
0.608719 0.658228 0.963568
0.978003 0.850412 0.984920
0.727074 0.629597 0.885110
0.926443 0.936053 0.656528
0.683163 0.595848 0.670373
0.596278 0.896039 0.955071
0.753150 0.847184 0.628398
0.977722 0.665836 0.524659
0.859487 0.599327 0.988408
0.746595 0.590422 0.696365
0.867863 0.668197 0.795054
0.943706 0.762364 0.528986
0.569285 0.720849 0.974685
0.627306 0.752447 0.616454
0.950081 0.905051 0.875194
0.871023 0.780843 0.792864
0.574677 0.904350 0.686094
0.548270 0.939654 0.945944
0.789445 0.791395 0.757985
0.681492 0.673230 0.900389
0.527977 0.873238 0.860263
0.701724 0.777153 0.939353
0.711250 0.961301 0.715834
0.717281 0.795386 0.537932
0.779198 0.684742 0.632452
0.783672 0.662464 0.642851
0.587565 0.699344 0.935721
0.635012 0.543078 0.756610
0.866643 0.862093 0.920732
0.744184 0.646826 0.888391
0.952694 0.557091 0.511794
0.619351 0.828883 0.679351
0.598519 0.715855 0.830313
0.635233 0.576718 0.601086
0.758120 0.870679 0.586406
0.579111 0.850206 0.931824
0.530005 0.814215 0.590679
0.649080 0.901562 0.716711
0.796499 0.925084 0.839785
0.864024 0.617299 0.702972
0.718078 0.899658 0.734277
0.827754 0.985890 0.608960
0.775196 0.924699 0.906353
0.563582 0.795069 0.577539
0.541765 0.927433 0.558147
0.899719 0.922917 0.910364
0.984573 0.785192 0.516860
0.627981 0.654124 0.710036
0.536974 0.769968 0.834436
0.554403 0.744671 0.953490
0.785105 0.846533 0.541237
0.693657 0.882997 0.924565
0.762038 0.942951 0.981634
0.576605 0.651749 0.945564
0.572454 0.613178 0.964898
0.574564 0.556576 0.749048
0.963115 0.982435 0.719554
0.854094 0.545939 0.914477
0.709893 0.691863 0.588470
0.800364 0.529993 0.918340
0.725055 0.664111 0.765914
0.948391 0.699816 0.627694
0.574470 0.987711 0.902667
0.792806 0.917606 0.894320
0.541976 0.864819 0.570914
0.790715 0.699326 0.589225
0.747857 0.769038 0.659220
0.967470 0.520604 0.766649
0.828266 0.791910 0.891551
0.704848 0.584900 0.820047
0.782365 0.545587 0.968440
0.931724 0.917061 0.779589
0.642385 0.755832 0.961663
0.907253 0.515416 0.799670
0.697263 0.521389 0.517654
0.906188 0.931731 0.812496
0.798182 0.860086 0.855757
0.540887 0.841727 0.778711
0.832466 0.738752 0.983606
0.565499 0.650801 0.697314
0.612961 0.628298 0.833797
0.899918 0.725432 0.821082
0.628699 0.534054 0.546689
0.931526 0.908704 0.513647
0.842795 0.554527 0.795772
0.617156 0.989469 0.553100
0.929988 0.813938 0.803292
0.659553 0.914693 0.866578
0.858011 0.946132 0.640213
0.740393 0.535861 0.833415
0.558075 0.553253 0.933275
0.885782 0.845202 0.711073
0.708776 0.675571 0.761713
0.729319 0.964962 0.846465
0.971459 0.903419 0.644168
0.694248 0.690221 0.811002
0.866888 0.566150 0.913844
0.522243 0.947179 0.829452
0.971706 0.562309 0.588595
0.902338 0.818776 0.804433
0.904292 0.834900 0.777732
0.929995 0.737451 0.595492
0.582098 0.697843 0.558370
0.848529 0.981033 0.854864
0.830696 0.903138 0.624463
0.922810 0.831986 0.780342
0.628360 0.843518 0.947837
0.834680 0.646132 0.856764
0.886235 0.579113 0.613388
0.558624 0.588417 0.820753
0.841988 0.727265 0.512245
0.799897 0.537381 0.625886
0.565929 0.643538 0.645257
0.575596 0.964326 0.609992
0.666438 0.812579 0.797679
0.843573 0.886318 0.928013
0.971149 0.704698 0.833739
0.855082 0.516149 0.937298
0.853346 0.805858 0.966532
0.536822 0.540314 0.710233
0.554352 0.732652 0.867581
0.788000 0.722965 0.531309
0.610891 0.899256 0.547996
0.637287 0.792047 0.703074
0.540139 0.797242 0.801134
0.897016 0.572630 0.553324
0.586669 0.575414 0.623812
0.926954 0.656493 0.676876
0.980269 0.938604 0.901332
0.846539 0.665928 0.685795
0.603155 0.970906 0.912834
0.728038 0.571432 0.904205
0.631926 0.917939 0.624328
0.760821 0.608753 0.806408
0.510185 0.715411 0.742473
0.555293 0.584189 0.909077
0.836558 0.774167 0.592902
0.790367 0.692932 0.547497
0.863628 0.921747 0.795595
0.759013 0.568899 0.563705
0.677682 0.948099 0.551558
0.698110 0.864987 0.907124
0.512119 0.729379 0.891362
0.946136 0.700857 0.530426
0.793303 0.847527 0.612746
0.526429 0.778233 0.511666
0.616419 0.882593 0.871482
0.718293 0.964841 0.761539
0.774059 0.553356 0.987268
0.657142 0.886060 0.845716
0.762086 0.858075 0.924930
0.815420 0.682849 0.748254
0.719151 0.711736 0.852602
0.638481 0.674906 0.753188
0.717819 0.742753 0.672462
0.647903 0.723259 0.521989
0.670527 0.817219 0.762314
0.599850 0.818110 0.703224
0.917216 0.700877 0.696198
0.844569 0.544730 0.879985
0.592111 0.918994 0.823041
0.700563 0.877484 0.668664
0.972035 0.759318 0.761042
0.618577 0.552745 0.844077
0.932797 0.535543 0.941001
0.626330 0.712824 0.826590
0.687148 0.606889 0.551416
0.793417 0.709086 0.955565
0.645405 0.574450 0.918085
0.691579 0.950084 0.736591
0.652400 0.831042 0.962747
0.776589 0.815555 0.831795
0.802998 0.732501 0.811347
