500
0.956109 0.872483 0.578791
0.598823 0.537118 0.912153
0.573938 0.745797 0.739193
0.658727 0.889736 0.821427
0.579898 0.537552 0.914667
0.740664 0.530768 0.855795
0.687550 0.756546 0.619962
0.697765 0.803047 0.759176
0.707383 0.621654 0.715495
0.557784 0.919516 0.831786
0.544176 0.695091 0.843961
0.988521 0.552513 0.745612
0.625361 0.902746 0.547545
0.628916 0.929023 0.764927
0.811771 0.764257 0.563548
0.846539 0.939062 0.727129
0.672808 0.741952 0.712866
0.854900 0.871806 0.672312
0.785071 0.744297 0.512967
0.940502 0.664485 0.831051
0.664163 0.952724 0.938367
0.628893 0.956657 0.595177
0.682401 0.769374 0.801251
0.631329 0.681789 0.948526
0.528461 0.572790 0.757222
0.764907 0.891744 0.686965
0.830555 0.605033 0.635259
0.838533 0.749959 0.845442
0.686873 0.854469 0.946150
0.665904 0.800801 0.938323
0.612044 0.834216 0.590590
0.685987 0.854687 0.858789
0.638507 0.846377 0.632888
0.803306 0.695568 0.612253
0.951648 0.886655 0.730638
0.896848 0.785497 0.939001
0.602852 0.883835 0.983475
0.976378 0.763314 0.789505
0.696068 0.717350 0.557337
0.558148 0.822418 0.721812
0.638534 0.955426 0.796557
0.661020 0.931236 0.570683
0.644832 0.874782 0.710049
0.521477 0.836550 0.724089
0.619304 0.773655 0.801526
0.936089 0.744498 0.709678
0.767655 0.963364 0.894108
0.699404 0.892298 0.880905
0.888651 0.549834 0.524780
0.949082 0.665118 0.541331
0.955908 0.557651 0.594703
0.649818 0.678930 0.682217
0.735205 0.969293 0.613367
0.586934 0.623332 0.716834
0.685251 0.574078 0.769816
0.606649 0.901545 0.910964
0.707296 0.764308 0.700984
0.869792 0.513297 0.953654
0.898073 0.880227 0.575638
0.730150 0.898173 0.699862
0.579073 0.576465 0.801415
0.856388 0.813216 0.640337
0.881507 0.804570 0.764740
0.671616 0.579870 0.791530
0.554984 0.866687 0.550746
0.705308 0.912955 0.540172
0.683153 0.843020 0.849610
0.887125 0.905635 0.608208
0.643649 0.590386 0.917486
0.696990 0.510249 0.874616
0.752444 0.730935 0.832421
0.589673 0.578078 0.777651
0.530411 0.695120 0.607037
0.878080 0.593692 0.574386
0.959036 0.779815 0.979827
0.830058 0.751328 0.842557
0.873766 0.681480 0.839138
0.810165 0.583877 0.720430
0.844907 0.711803 0.842386
0.978596 0.632581 0.934984
0.952404 0.676652 0.692857
0.673370 0.639244 0.597923
0.922679 0.905352 0.701702
0.911050 0.915373 0.874236
0.522628 0.528437 0.577912
0.676983 0.554931 0.676593
0.815373 0.812387 0.551124
0.816487 0.814627 0.801574
0.550935 0.947681 0.515003
0.588476 0.743459 0.548796
0.515741 0.865549 0.783959
0.521453 0.817915 0.573041
0.922956 0.805008 0.840702
0.946950 0.682101 0.667655
0.745372 0.985989 0.800190
0.702173 0.979330 0.683304
0.743890 0.984268 0.644102
0.702329 0.683701 0.533206
0.524849 0.874976 0.955567
0.588230 0.975293 0.868889
0.669753 0.637848 0.730123
0.580856 0.575127 0.809394
0.812871 0.614519 0.923434
0.688528 0.777953 0.655339
0.937149 0.809323 0.621216
0.630646 0.865011 0.982724
0.869844 0.698299 0.541734
0.872791 0.951016 0.935714
0.878078 0.708183 0.652710
0.848122 0.638175 0.910457
0.628012 0.730387 0.694421
0.510810 0.713667 0.722937
0.556712 0.732375 0.543832
0.674465 0.890353 0.777454
0.594680 0.597172 0.957553
0.801178 0.684080 0.830458
0.879012 0.987717 0.644799
0.612858 0.784379 0.961987
0.837466 0.543275 0.893647
0.889124 0.932157 0.564162
0.874365 0.579256 0.951236
0.828782 0.891034 0.629069
0.635363 0.646720 0.533286
0.558983 0.658206 0.936512
0.893577 0.963643 0.825971
0.949793 0.925562 0.525901
0.809608 0.767053 0.829663
0.873621 0.771434 0.746759
0.778892 0.872749 0.838831
0.704115 0.664528 0.824167
0.777140 0.634892 0.968785
0.897963 0.812167 0.625833
0.625301 0.574053 0.714358
0.960199 0.946170 0.981569
0.827214 0.587155 0.977373
0.854489 0.767124 0.650785
0.884926 0.654377 0.712003
0.815768 0.740727 0.577426
0.740370 0.872375 0.660818
0.906025 0.628033 0.809601
0.781033 0.666125 0.957069
0.903177 0.799672 0.850620
0.985400 0.771201 0.709507
0.652422 0.912767 0.784082
0.683647 0.786867 0.710448
0.597646 0.819853 0.697367
0.970466 0.560717 0.638514
0.849183 0.518929 0.581734
0.832827 0.608307 0.851855
0.841239 0.980408 0.677058
0.536386 0.973284 0.790024
0.517246 0.528869 0.564974
0.523524 0.673459 0.514061
0.562509 0.908647 0.901204
0.749328 0.812777 0.780405
0.830159 0.970424 0.623817
0.675581 0.898297 0.964431
0.780181 0.510909 0.715561
0.600208 0.650896 0.918051
0.793229 0.762683 0.574957
0.517877 0.760893 0.647416
0.893981 0.652602 0.848363
0.765587 0.590617 0.702385
0.966832 0.811404 0.975268
0.901440 0.729895 0.945040
0.522489 0.671035 0.878064
0.737478 0.925114 0.819300
0.824305 0.668014 0.618704
0.918065 0.789282 0.692654
0.518835 0.647405 0.601210
0.592995 0.616977 0.809595
0.630549 0.741131 0.513784
0.530493 0.984432 0.808621
0.737792 0.855148 0.619385
0.591921 0.620870 0.598112
0.750337 0.582956 0.553082
0.604520 0.616983 0.566304
0.533402 0.879059 0.983909
0.642078 0.546564 0.828292
0.887378 0.712805 0.962713
0.890641 0.887584 0.759998
0.701622 0.556777 0.908155
0.874972 0.865759 0.847093
0.733503 0.610794 0.826578
0.581416 0.969102 0.607244
0.848423 0.517989 0.884071
0.535995 0.592480 0.731778
0.656604 0.765162 0.558019
0.957005 0.986806 0.861259
0.805077 0.808456 0.689221
0.933250 0.710937 0.745206
0.673403 0.642851 0.691067
0.602893 0.799206 0.693337
0.555979 0.907458 0.921737
0.796841 0.763224 0.868017
0.633659 0.844990 0.832398
0.666494 0.812380 0.614238
0.637944 0.798928 0.566673
0.824143 0.942624 0.587939
0.918536 0.726173 0.564814
0.825932 0.814150 0.648485
0.753779 0.512733 0.857884
0.984334 0.761814 0.911537
0.863924 0.798908 0.764916
0.832746 0.644922 0.860181
0.910812 0.716530 0.753756
0.964436 0.751560 0.743962
0.542999 0.756755 0.631654
0.705463 0.782570 0.606020
0.882433 0.859978 0.515026
0.631476 0.806060 0.682256
0.622774 0.617705 0.970770
0.595466 0.635358 0.704355
0.773329 0.965503 0.672702
0.703904 0.644916 0.622777
0.989779 0.798778 0.765541
0.729022 0.904334 0.523334
0.513429 0.857287 0.696666
0.628263 0.611823 0.734551
0.892134 0.663245 0.650068
0.690916 0.803667 0.589367
0.632100 0.945384 0.757960
0.545432 0.911375 0.806945
0.740007 0.724977 0.786827
0.875844 0.730583 0.713853
0.801402 0.652832 0.924042
0.528694 0.708633 0.526831
0.627195 0.849276 0.702983
0.731173 0.804189 0.837845
0.820253 0.871820 0.532868
0.553765 0.919725 0.702237
0.870673 0.675911 0.662961
0.743453 0.542816 0.859036
0.846361 0.917606 0.716393
0.706325 0.732738 0.806131
0.522756 0.673302 0.853002
0.865746 0.909694 0.645866
0.726756 0.514765 0.862645
0.846974 0.874209 0.871734
0.654380 0.856058 0.971314
0.746991 0.839099 0.909038
0.749014 0.740473 0.988880
0.684250 0.730199 0.559196
0.924266 0.762711 0.849848
0.536326 0.682884 0.826551
0.697304 0.593570 0.576595
0.771078 0.756166 0.937648
0.872992 0.576134 0.591506
0.550290 0.643683 0.816446
0.720628 0.875776 0.861126
0.631871 0.846100 0.645818
0.595745 0.596414 0.561377
0.615800 0.856318 0.628761
0.973157 0.724721 0.588940
0.669667 0.923852 0.956155
0.695572 0.648207 0.870746
0.574657 0.983223 0.670509
0.844067 0.858953 0.910706
0.783466 0.612481 0.967550
0.630735 0.711937 0.954866
0.533619 0.978310 0.846104
0.795751 0.645138 0.605877
0.551887 0.640624 0.861019
0.746065 0.820626 0.599498
0.618571 0.862908 0.855064
0.840514 0.647347 0.610441
0.577880 0.900189 0.701628
0.637033 0.755267 0.969927
0.570554 0.753628 0.798455
0.674493 0.743065 0.548320
0.819280 0.635374 0.800358
0.540040 0.561302 0.943283
0.827983 0.620741 0.843041
0.680075 0.518684 0.599538
0.531052 0.891974 0.787796
0.560961 0.981541 0.782786
0.924524 0.698347 0.712548
0.626876 0.949996 0.614641
0.687675 0.627903 0.742301
0.697818 0.693271 0.575766
0.806492 0.989398 0.520231
0.570533 0.917463 0.585252
0.718244 0.611589 0.846257
0.552150 0.906685 0.901577
0.604967 0.828723 0.972485
0.963498 0.562342 0.835561
0.787180 0.734604 0.738127
0.709786 0.905711 0.770762
0.816760 0.666674 0.637316
0.966022 0.776825 0.638236
0.542610 0.582570 0.770740
0.936993 0.516277 0.536563
0.869600 0.826290 0.847912
0.565273 0.694631 0.768102
0.548987 0.566916 0.603260
0.816822 0.608029 0.927626
0.889715 0.722482 0.803830
0.676709 0.629300 0.785306
0.835221 0.697780 0.875387
0.944542 0.852369 0.924902
0.655058 0.927740 0.513696
0.542271 0.524210 0.670428
0.866761 0.697154 0.654758
0.660898 0.631106 0.972681
0.541620 0.774497 0.788027
0.512890 0.843430 0.674671
0.964552 0.908109 0.897340
0.662705 0.526221 0.872698
0.967869 0.626923 0.886488
0.523041 0.675184 0.705917
0.594457 0.798439 0.687627
0.730528 0.929766 0.745686
0.537016 0.603825 0.656130
0.713155 0.842285 0.795512
0.964746 0.736366 0.770013
0.711526 0.564100 0.944950
0.708558 0.980415 0.956483
0.702731 0.808299 0.612593
0.883907 0.918229 0.622157
0.569154 0.948772 0.644285
0.608741 0.762994 0.719616
0.605025 0.558109 0.668021
0.764630 0.815520 0.714612
0.846766 0.897988 0.683278
0.805094 0.563102 0.901940
0.770909 0.934997 0.861779
0.690977 0.678843 0.657382
0.573107 0.571064 0.963106
0.799012 0.705184 0.801470
0.933925 0.615712 0.514715
0.597334 0.970758 0.982386
0.781542 0.957036 0.908055
0.835028 0.791881 0.789415
0.585473 0.820621 0.701495
0.844065 0.620848 0.918243
0.526592 0.575392 0.578111
0.594156 0.963900 0.783255
0.823701 0.977012 0.574145
0.947740 0.754550 0.824531
0.694424 0.862995 0.593816
0.835361 0.698017 0.972969
0.961653 0.531581 0.783646
0.844908 0.851812 0.740249
0.569868 0.804866 0.543707
0.930482 0.808480 0.516881
0.820114 0.648991 0.770608
0.867192 0.692326 0.822497
0.732115 0.943540 0.984535
0.948219 0.787366 0.710667
0.553553 0.965997 0.685392
0.701855 0.644414 0.939989
0.594027 0.911326 0.625652
0.862734 0.774287 0.881901
0.653528 0.727999 0.841747
0.954457 0.640734 0.887785
0.549881 0.801140 0.813636
0.520789 0.838932 0.885297
0.898795 0.651330 0.798456
0.845316 0.864220 0.766628
0.781694 0.908215 0.579815
0.634523 0.966481 0.765388
0.655453 0.527930 0.984928
0.585558 0.516080 0.742596
0.989408 0.955569 0.583003
0.989002 0.954919 0.799381
0.789531 0.929860 0.685188
0.618473 0.783262 0.577760
0.896419 0.758529 0.909778
0.594636 0.530087 0.567191
0.965071 0.675660 0.928173
0.969322 0.929254 0.563444
0.837114 0.872914 0.946286
0.792561 0.917301 0.576204
0.586697 0.824489 0.956505
0.574094 0.511571 0.585697
0.640817 0.602362 0.748196
0.521373 0.947130 0.691639
0.568265 0.719341 0.880824
0.539195 0.667072 0.662924
0.675534 0.902899 0.693927
0.651775 0.852978 0.695443
0.635238 0.776307 0.769885
0.647778 0.949882 0.833712
0.762941 0.715326 0.855072
0.810078 0.820873 0.976638
0.692339 0.525025 0.829201
0.574474 0.604726 0.534826
0.852314 0.971219 0.701603
0.573632 0.554681 0.659039
0.633876 0.752161 0.848009
0.803005 0.732224 0.795851
0.908241 0.779011 0.960157
0.604605 0.614680 0.871543
0.535421 0.975041 0.671053
0.947353 0.673793 0.792934
0.900177 0.650480 0.900828
0.738140 0.952665 0.831481
0.673211 0.594786 0.897571
0.835776 0.632796 0.621031
0.757020 0.569157 0.829065
0.724138 0.889074 0.695686
0.952211 0.625781 0.734252
0.930702 0.695792 0.599310
0.735793 0.542276 0.740723
0.720781 0.643251 0.538345
0.868858 0.853287 0.762430
0.868302 0.876956 0.772217
0.987465 0.982137 0.953290
0.531537 0.737162 0.854687
0.778134 0.891272 0.634771
0.970982 0.735310 0.689462
0.525489 0.836422 0.880569
0.895504 0.746751 0.606881
0.944978 0.623274 0.930208
0.593129 0.786967 0.668099
0.945572 0.944485 0.946946
0.856054 0.920104 0.985639
0.951915 0.569031 0.894295
0.834818 0.728122 0.777232
0.692827 0.832120 0.671242
0.669805 0.560975 0.905199
0.524690 0.881845 0.754699
0.763453 0.633845 0.804435
0.808169 0.800444 0.917378
0.959912 0.871783 0.567193
0.986641 0.659107 0.606769
0.947569 0.900362 0.689293
0.681573 0.730156 0.930240
0.937981 0.951735 0.841551
0.686748 0.652357 0.710527
0.875105 0.707461 0.980230
0.842916 0.963384 0.667477
0.555246 0.730607 0.967885
0.658953 0.785566 0.584486
0.815411 0.643864 0.678715
0.562424 0.894894 0.561667
0.658899 0.769015 0.880427
0.685825 0.882983 0.548859
0.643222 0.672867 0.633054
0.962638 0.512476 0.691257
0.714876 0.755681 0.656680
0.511875 0.924994 0.690659
0.750235 0.589055 0.989128
0.550252 0.819926 0.553971
0.527988 0.967560 0.679309
0.576680 0.524244 0.556322
0.583689 0.531885 0.650724
0.900192 0.888117 0.891612
0.633233 0.813052 0.797004
0.543068 0.707514 0.608508
0.913162 0.633793 0.986486
0.910728 0.843824 0.842647
0.538532 0.563093 0.833211
0.636844 0.557162 0.512455
0.649833 0.528193 0.782109
0.980169 0.643520 0.636324
0.799055 0.527013 0.585065
0.522922 0.681527 0.766263
0.969495 0.805831 0.525689
0.620757 0.811454 0.525727
0.543999 0.696507 0.646824
0.671699 0.741816 0.901578
0.612480 0.651388 0.615851
0.786658 0.893662 0.599969
0.860032 0.656903 0.655639
0.876429 0.669669 0.853274
0.834388 0.988684 0.966377
0.578943 0.631172 0.975112
0.931325 0.722514 0.618426
0.612081 0.598971 0.924477
0.654881 0.812382 0.747661
0.825866 0.835332 0.639800
0.835471 0.514844 0.892410
0.518725 0.859911 0.605484
0.638592 0.512281 0.634791
0.848297 0.717211 0.908348
0.738842 0.885049 0.717197
0.644635 0.828104 0.944064
0.953479 0.826885 0.644623
0.987715 0.973274 0.607607
0.664412 0.636551 0.679835
0.941052 0.925863 0.541362
0.824648 0.630702 0.597738
0.715637 0.985945 0.887849
0.765319 0.568545 0.601984
0.553411 0.822182 0.567045
0.811527 0.855090 0.875991
0.540308 0.654171 0.955439
0.879500 0.811554 0.571791
0.904147 0.710102 0.944209
0.843866 0.640250 0.831927
0.860796 0.855863 0.719872
0.914621 0.858895 0.822786
0.807096 0.882690 0.964708
0.713053 0.886742 0.887297
0.543132 0.576277 0.665936
0.866638 0.638226 0.801572
0.873106 0.927971 0.989724
0.577229 0.863282 0.647364
0.974518 0.854096 0.790380
