500
0.793717 0.553172 0.602990
0.641044 0.742388 0.671426
0.753676 0.654687 0.613394
0.662932 0.833715 0.789584
0.671953 0.948088 0.580788
0.570858 0.986583 0.648613
0.817470 0.550110 0.605586
0.723512 0.883490 0.958591
0.884871 0.584371 0.750897
0.561413 0.635006 0.523525
0.941628 0.611223 0.741698
0.980293 0.883713 0.795019
0.735762 0.936928 0.825747
0.863546 0.804174 0.803625
0.607761 0.894995 0.799845
0.803621 0.627752 0.549711
0.719792 0.590363 0.844127
0.685769 0.604001 0.950959
0.846962 0.833726 0.838204
0.595183 0.844052 0.874313
0.598920 0.763742 0.778988
0.849144 0.581816 0.554688
0.899427 0.803643 0.572297
0.527486 0.905378 0.575096
0.511327 0.860668 0.730758
0.609025 0.839186 0.581490
0.718363 0.571375 0.876227
0.559102 0.798664 0.688604
0.549650 0.582090 0.826459
0.627322 0.694580 0.523018
0.594678 0.802234 0.820353
0.686692 0.893295 0.577956
0.730842 0.737524 0.838937
0.752080 0.620253 0.517915
0.715281 0.623792 0.892633
0.926402 0.778756 0.531669
0.939016 0.827298 0.929978
0.963699 0.770654 0.972348
0.812840 0.584316 0.895514
0.747958 0.739345 0.751026
0.769330 0.764778 0.647396
0.757452 0.683648 0.950808
0.569796 0.645036 0.745337
0.841446 0.696624 0.916778
0.805125 0.734998 0.591858
0.920725 0.738470 0.936245
0.824320 0.621581 0.877118
0.831400 0.648091 0.524965
0.595973 0.752753 0.841690
0.959808 0.525297 0.557693
0.949614 0.981777 0.648435
0.520825 0.538977 0.623799
0.591561 0.622193 0.548735
0.830607 0.842918 0.638166
0.834038 0.662640 0.621006
0.840920 0.853427 0.728486
0.619322 0.893153 0.983441
0.833777 0.648864 0.921473
0.917552 0.643651 0.787804
0.802302 0.940078 0.839018
0.965460 0.687533 0.542206
0.511916 0.926349 0.646271
0.803572 0.802764 0.930429
0.534587 0.849520 0.977608
0.814826 0.821639 0.899051
0.811528 0.936811 0.724256
0.523706 0.854898 0.906429
0.683954 0.621606 0.761159
0.938613 0.598482 0.981301
0.800017 0.923225 0.600752
0.866278 0.715504 0.669277
0.713584 0.792181 0.603918
0.584767 0.683680 0.981771
0.647676 0.533457 0.577907
0.816767 0.819600 0.760295
0.889418 0.631075 0.856682
0.751350 0.783855 0.522571
0.685956 0.980741 0.643482
0.943569 0.884322 0.813318
0.571130 0.836833 0.535718
0.543505 0.624214 0.519709
0.777625 0.853141 0.915156
0.557194 0.960606 0.847953
0.711605 0.989544 0.735508
0.600457 0.725983 0.877218
0.770703 0.647750 0.605737
0.705830 0.823934 0.694532
0.682625 0.635004 0.927028
0.750303 0.533444 0.843022
0.638336 0.973841 0.586440
0.818600 0.955684 0.587007
0.758446 0.888102 0.984613
0.783919 0.793039 0.768825
0.973076 0.767350 0.726740
0.596248 0.742612 0.697864
0.743718 0.692189 0.963527
0.832731 0.547337 0.956747
0.665240 0.717029 0.929766
0.768823 0.777052 0.556425
0.836891 0.876859 0.738936
0.697458 0.834468 0.646237
0.610225 0.854724 0.792319
0.850782 0.947599 0.693090
0.629684 0.569299 0.580016
0.612446 0.686637 0.847103
0.668997 0.805112 0.704850
0.678858 0.686218 0.544055
0.569154 0.584124 0.565980
0.778109 0.528162 0.804163
0.514385 0.772885 0.786944
0.817400 0.629321 0.903804
0.715548 0.885408 0.866200
0.827514 0.889871 0.517005
0.823037 0.589800 0.972904
0.802040 0.740584 0.887171
0.819005 0.830149 0.608746
0.949273 0.776918 0.950092
0.900898 0.541730 0.597585
0.809133 0.881507 0.840181
0.885264 0.582882 0.810186
0.885431 0.676754 0.760188
0.648468 0.524409 0.981561
0.629311 0.980310 0.955057
0.534357 0.662032 0.623909
0.771235 0.907425 0.527151
0.869958 0.588690 0.551437
0.800346 0.690447 0.679517
0.668438 0.619735 0.860188
0.730703 0.810507 0.801801
0.565291 0.649476 0.794441
0.512698 0.929970 0.832003
0.806780 0.945441 0.944486
0.973248 0.939325 0.548657
0.589209 0.986249 0.707007
0.911076 0.541296 0.719789
0.939897 0.760510 0.812209
0.945371 0.945230 0.683635
0.647060 0.766003 0.662776
0.655048 0.626030 0.738776
0.703885 0.647982 0.517299
0.698489 0.873169 0.585709
0.644848 0.651025 0.618229
0.956612 0.809257 0.760293
0.578203 0.939959 0.547814
0.711466 0.821412 0.565239
0.558002 0.898886 0.632287
0.590756 0.677256 0.937809
0.648388 0.528675 0.830483
0.638363 0.891608 0.701454
0.947329 0.809136 0.534248
0.870419 0.723003 0.697337
0.636093 0.702008 0.881327
0.645626 0.916201 0.976150
0.851069 0.524888 0.629647
0.601294 0.548915 0.806401
0.969562 0.541457 0.863394
0.959118 0.940334 0.812085
0.868396 0.649748 0.516728
0.795170 0.629617 0.725578
0.643681 0.970577 0.677954
0.515543 0.906211 0.847669
0.982997 0.563046 0.890240
0.808390 0.772091 0.605901
0.872473 0.667696 0.821548
0.720166 0.925920 0.755139
0.859840 0.734589 0.973249
0.932200 0.950313 0.838631
0.976726 0.618226 0.651634
0.801077 0.693193 0.883977
0.639871 0.975790 0.536152
0.510060 0.529698 0.755651
0.621480 0.709649 0.933838
0.863789 0.846033 0.688115
0.524909 0.795052 0.614181
0.888867 0.834618 0.759451
0.782840 0.893607 0.561000
0.662486 0.583987 0.724998
0.911744 0.706859 0.938058
0.642383 0.513621 0.907843
0.717941 0.783052 0.516314
0.859710 0.648657 0.700389
0.694122 0.849992 0.707531
0.533769 0.569204 0.716796
0.954750 0.766786 0.752434
0.557587 0.886091 0.658497
0.774542 0.626853 0.861373
0.556800 0.932419 0.869832
0.814676 0.685832 0.522779
0.814883 0.946893 0.987779
0.536219 0.977449 0.640996
0.905317 0.524766 0.933411
0.757026 0.945278 0.556811
0.691664 0.919158 0.962301
0.933011 0.824615 0.743982
0.576813 0.686469 0.682491
0.656921 0.666786 0.575329
0.921203 0.912040 0.687734
0.972912 0.736449 0.608106
0.515092 0.530402 0.510073
0.887558 0.530625 0.694688
0.857451 0.682542 0.701784
0.611215 0.876006 0.654614
0.733244 0.698583 0.839780
0.705431 0.537630 0.961057
0.750772 0.804032 0.925606
0.964689 0.724370 0.557978
0.685293 0.775297 0.923724
0.942907 0.778573 0.783769
0.695108 0.971259 0.735344
0.663965 0.641568 0.633033
0.516366 0.820866 0.822014
0.710143 0.932959 0.550845
0.954133 0.982603 0.689698
0.605599 0.776940 0.577490
0.937129 0.774395 0.879025
0.738061 0.520964 0.766544
0.520274 0.900237 0.876248
0.643238 0.737018 0.577738
0.934705 0.842575 0.895849
0.947626 0.593459 0.656687
0.714866 0.795470 0.845967
0.964241 0.937349 0.761251
0.987426 0.568553 0.721047
0.984063 0.563271 0.702437
0.915539 0.526155 0.821657
0.518094 0.631456 0.545276
0.595710 0.829832 0.631781
0.941915 0.756003 0.513921
0.927610 0.983088 0.815195
0.566078 0.873939 0.714393
0.561901 0.893378 0.618516
0.790721 0.897802 0.655502
0.581304 0.635694 0.757100
0.644357 0.799791 0.886009
0.603935 0.537912 0.937198
0.957918 0.747164 0.750950
0.554869 0.873933 0.612039
0.979731 0.620432 0.523331
0.861271 0.882798 0.766024
0.623940 0.776790 0.701627
0.646485 0.694967 0.672238
0.851826 0.593346 0.969366
0.782295 0.961552 0.865253
0.860851 0.924881 0.743207
0.906029 0.891785 0.758439
0.780623 0.888345 0.875698
0.802235 0.820583 0.747430
0.609583 0.939339 0.812338
0.813834 0.752537 0.587668
0.555336 0.881294 0.585525
0.763652 0.526434 0.559600
0.971248 0.871121 0.560009
0.927649 0.964705 0.832111
0.558753 0.575681 0.864990
0.912241 0.560123 0.746512
0.582722 0.685020 0.985075
0.662553 0.679511 0.605129
0.776628 0.942207 0.646984
0.885685 0.604954 0.675250
0.881257 0.525873 0.566960
0.575262 0.733496 0.822789
0.797380 0.792678 0.760809
0.826921 0.759720 0.665076
0.829158 0.628403 0.589609
0.831300 0.560974 0.826814
0.976492 0.565672 0.553816
0.938099 0.953961 0.655660
0.967746 0.917805 0.526191
0.665774 0.528481 0.629685
0.557912 0.772270 0.921913
0.756109 0.579712 0.654657
0.798164 0.829324 0.623783
0.787861 0.970181 0.985401
0.938086 0.875567 0.842062
0.783806 0.671765 0.563107
0.799274 0.932732 0.981374
0.908481 0.956772 0.594431
0.864352 0.734340 0.540000
0.813082 0.878560 0.667853
0.587057 0.968830 0.582154
0.829409 0.792986 0.627451
0.876288 0.755826 0.696058
0.832500 0.747836 0.616280
0.593451 0.886331 0.611489
0.597089 0.896108 0.960466
0.724883 0.823902 0.974810
0.760205 0.864172 0.713626
0.778538 0.832111 0.867192
0.691464 0.574053 0.800673
0.632905 0.683421 0.615187
0.960837 0.540503 0.701824
0.898957 0.525136 0.543940
0.821860 0.590299 0.596847
0.756275 0.955633 0.822546
0.758164 0.822169 0.917942
0.811459 0.529224 0.588433
0.864573 0.932611 0.763888
0.783030 0.670392 0.520598
0.904021 0.804657 0.878830
0.761027 0.684900 0.941974
0.609694 0.758571 0.585820
0.633809 0.767447 0.857374
0.908764 0.533076 0.973663
0.865266 0.675132 0.550985
0.640856 0.831943 0.673894
0.648055 0.783058 0.672952
0.563817 0.523628 0.862971
0.702275 0.772098 0.690628
0.540911 0.722225 0.525703
0.972532 0.590388 0.728231
0.663166 0.539476 0.827181
0.879997 0.550980 0.774333
0.767856 0.768861 0.664113
0.607462 0.543212 0.709691
0.873449 0.944725 0.885354
0.937202 0.893867 0.854024
0.526938 0.806512 0.851106
0.742780 0.514016 0.815434
0.633968 0.677621 0.529361
0.551564 0.624369 0.825081
0.570740 0.573587 0.740419
0.892793 0.667938 0.766843
0.575203 0.585455 0.767026
0.909408 0.662565 0.915375
0.692062 0.947071 0.723614
0.931533 0.722809 0.936343
0.637756 0.619003 0.772108
0.662343 0.627608 0.982045
0.715861 0.696994 0.660836
0.894110 0.801934 0.872176
0.806088 0.819553 0.791905
0.780524 0.642018 0.738122
0.686397 0.683973 0.742914
0.604891 0.936621 0.719578
0.531279 0.983000 0.916522
0.669703 0.905131 0.647392
0.558984 0.749559 0.885373
0.836590 0.967349 0.716183
0.685182 0.923930 0.840582
0.944986 0.880228 0.742009
0.978721 0.985122 0.598534
0.743085 0.539349 0.626374
0.512067 0.524497 0.853044
0.725873 0.512302 0.611537
0.816178 0.722800 0.949363
0.694362 0.617715 0.562288
0.761605 0.954606 0.723509
0.767096 0.783958 0.790835
0.801853 0.960260 0.724910
0.627728 0.618403 0.839865
0.917694 0.818359 0.687434
0.773131 0.692940 0.779051
0.698668 0.681664 0.640600
0.711084 0.651943 0.979029
0.840085 0.667803 0.639119
0.641998 0.821305 0.889420
0.565703 0.886617 0.804099
0.610589 0.893146 0.529086
0.649238 0.900721 0.637142
0.898338 0.805934 0.988698
0.718823 0.712113 0.855546
0.601935 0.856066 0.803566
0.728516 0.924351 0.835310
0.828215 0.881235 0.806770
0.543984 0.666783 0.908315
0.804664 0.631759 0.599306
0.894203 0.744912 0.769511
0.618938 0.770337 0.714158
0.963304 0.969610 0.616043
0.745083 0.762810 0.557320
0.863648 0.937716 0.692676
0.530379 0.936742 0.866134
0.675611 0.730437 0.611725
0.793842 0.820958 0.657321
0.737108 0.908540 0.657202
0.513514 0.592858 0.982123
0.914951 0.658620 0.717407
0.924527 0.511968 0.954803
0.726833 0.831252 0.803130
0.733704 0.880182 0.748557
0.659058 0.586704 0.988814
0.527693 0.750778 0.678025
0.800744 0.810172 0.690601
0.573063 0.829493 0.657121
0.907340 0.688934 0.690915
0.904250 0.691793 0.872235
0.511655 0.766642 0.782017
0.594240 0.772911 0.832138
0.934457 0.629362 0.734724
0.833608 0.594352 0.810649
0.551602 0.965363 0.878639
0.795234 0.885131 0.619694
0.593662 0.914892 0.892882
0.965208 0.617185 0.550480
0.757173 0.671457 0.770320
0.662933 0.757404 0.781086
0.739427 0.936297 0.544359
0.576008 0.784275 0.681928
0.638944 0.544269 0.643653
0.635440 0.976832 0.937224
0.928059 0.554789 0.562847
0.560107 0.621715 0.664670
0.899836 0.817026 0.521102
0.905810 0.835905 0.739878
0.739384 0.815142 0.978379
0.827566 0.786082 0.745256
0.765257 0.670050 0.932439
0.874936 0.844212 0.984006
0.860082 0.734431 0.819235
0.920689 0.947519 0.954727
0.897370 0.908690 0.555008
0.521570 0.875278 0.879745
0.750807 0.852055 0.883971
0.619807 0.885454 0.669779
0.945460 0.553115 0.617322
0.989095 0.763630 0.790571
0.988928 0.885155 0.987554
0.979771 0.869662 0.640335
0.698195 0.763107 0.732327
0.598682 0.870231 0.725018
0.632965 0.929081 0.700511
0.681837 0.720089 0.548861
0.691655 0.588657 0.610449
0.769146 0.602135 0.973216
0.911493 0.591783 0.718479
0.534560 0.644607 0.605828
0.983572 0.950247 0.595713
0.609257 0.776061 0.536588
0.607516 0.825412 0.709590
0.561256 0.929720 0.607283
0.573462 0.698589 0.709809
0.781722 0.953560 0.944146
0.565911 0.517270 0.925131
0.983930 0.934703 0.583022
0.804516 0.666374 0.632020
0.704419 0.669831 0.521657
0.595782 0.976433 0.759940
0.908217 0.915841 0.793668
0.753284 0.730076 0.577813
0.977361 0.655695 0.596090
0.908883 0.719096 0.948434
0.678848 0.598721 0.816714
0.728007 0.537546 0.563946
0.595764 0.742129 0.816637
0.599646 0.888933 0.882070
0.859295 0.961744 0.947860
0.865513 0.895693 0.972185
0.684260 0.823581 0.576868
0.650087 0.826403 0.803209
0.788398 0.950539 0.860017
0.550401 0.554713 0.879500
0.793767 0.586362 0.884185
0.535848 0.910535 0.638525
0.894162 0.710950 0.831103
0.722261 0.863990 0.597557
0.717804 0.953658 0.811879
0.523546 0.725770 0.523919
0.904097 0.816276 0.842434
0.876276 0.772061 0.676495
0.755100 0.734785 0.647479
0.917684 0.553658 0.556673
0.603065 0.511362 0.832976
0.950724 0.694051 0.638275
0.903261 0.533522 0.871542
0.839158 0.536647 0.642106
0.714062 0.685926 0.560522
0.982043 0.547853 0.939483
0.954241 0.970373 0.845885
0.774419 0.922373 0.584549
0.780434 0.510969 0.682205
0.689614 0.956731 0.777929
0.720116 0.716956 0.866455
0.777544 0.623869 0.824429
0.531578 0.909845 0.566243
0.720503 0.697648 0.578584
0.565999 0.569796 0.586532
0.973402 0.881006 0.533414
0.632306 0.778097 0.541239
0.696667 0.871390 0.547350
0.650388 0.542706 0.781373
0.880284 0.860295 0.857184
0.707443 0.844300 0.675413
0.594395 0.973135 0.970370
0.678567 0.576419 0.788832
0.850331 0.658821 0.736994
0.577902 0.750064 0.869214
0.764595 0.535400 0.834929
0.953796 0.578860 0.753642
0.768518 0.518658 0.850008
0.585763 0.513722 0.864470
0.985300 0.948763 0.701144
0.685069 0.710767 0.577672
0.910291 0.703142 0.605405
0.722425 0.569571 0.559088
0.891405 0.984502 0.759066
0.978021 0.818035 0.783831
0.541350 0.666068 0.881287
0.663122 0.984567 0.886545
0.767033 0.909111 0.634283
0.906326 0.517401 0.727002
