2600
0.641520 0.641520 0.641520
0.660120 0.660120 0.660120
0.727380 0.727380 0.727380
0.669600 0.669600 0.669600
0.729780 0.729780 0.729780
0.706560 0.706560 0.706560
0.658260 0.658260 0.658260
0.700980 0.700980 0.700980
0.680100 0.680100 0.680100
0.648900 0.648900 0.648900
0.752400 0.752400 0.752400
0.728340 0.728340 0.728340
0.613380 0.613380 0.613380
0.649740 0.649740 0.649740
0.687840 0.687840 0.687840
0.737160 0.737160 0.737160
0.741420 0.741420 0.741420
0.634320 0.634320 0.634320
0.726420 0.726420 0.726420
0.625140 0.625140 0.625140
0.695880 0.695880 0.695880
0.699000 0.699000 0.699000
0.666120 0.666120 0.666120
0.751080 0.751080 0.751080
0.699480 0.699480 0.699480
0.708960 0.708960 0.708960
0.749580 0.749580 0.749580
0.676500 0.676500 0.676500
0.660300 0.660300 0.660300
0.721260 0.721260 0.721260
0.745260 0.745260 0.745260
0.646680 0.646680 0.646680
0.728760 0.728760 0.728760
0.708000 0.708000 0.708000
0.644880 0.644880 0.644880
0.688860 0.688860 0.688860
0.634860 0.634860 0.634860
0.631560 0.631560 0.631560
0.647880 0.647880 0.647880
0.624780 0.624780 0.624780
0.673020 0.673020 0.673020
0.731400 0.731400 0.731400
0.669180 0.669180 0.669180
0.653520 0.653520 0.653520
0.629700 0.629700 0.629700
0.677700 0.677700 0.677700
0.729240 0.729240 0.729240
0.624960 0.624960 0.624960
0.637740 0.637740 0.637740
0.709320 0.709320 0.709320
0.648540 0.648540 0.648540
0.610800 0.610800 0.610800
0.630240 0.630240 0.630240
0.608640 0.608640 0.608640
0.734760 0.734760 0.734760
0.600000 0.600000 0.600000
0.654960 0.654960 0.654960
0.684900 0.684900 0.684900
0.668940 0.668940 0.668940
0.750180 0.750180 0.750180
0.691560 0.691560 0.691560
0.680700 0.680700 0.680700
0.750720 0.750720 0.750720
0.726840 0.726840 0.726840
0.681780 0.681780 0.681780
0.749100 0.749100 0.749100
0.673200 0.673200 0.673200
0.704880 0.704880 0.704880
0.698100 0.698100 0.698100
0.653820 0.653820 0.653820
0.689400 0.689400 0.689400
0.728220 0.728220 0.728220
0.629820 0.629820 0.629820
0.698220 0.698220 0.698220
0.747780 0.747780 0.747780
0.664560 0.664560 0.664560
0.678000 0.678000 0.678000
0.695280 0.695280 0.695280
0.669780 0.669780 0.669780
0.603480 0.603480 0.603480
0.691740 0.691740 0.691740
0.618120 0.618120 0.618120
0.711660 0.711660 0.711660
0.620580 0.620580 0.620580
0.607980 0.607980 0.607980
0.648300 0.648300 0.648300
0.723120 0.723120 0.723120
0.705120 0.705120 0.705120
0.683100 0.683100 0.683100
0.659940 0.659940 0.659940
0.714780 0.714780 0.714780
0.661500 0.661500 0.661500
0.752820 0.752820 0.752820
0.740520 0.740520 0.740520
0.611580 0.611580 0.611580
0.674580 0.674580 0.674580
0.734700 0.734700 0.734700
0.626940 0.626940 0.626940
0.623760 0.623760 0.623760
0.675540 0.675540 0.675540
0.678900 0.678900 0.678900
0.636240 0.636240 0.636240
0.739380 0.739380 0.739380
0.695460 0.695460 0.695460
0.627300 0.627300 0.627300
0.669540 0.669540 0.669540
0.641820 0.641820 0.641820
0.733140 0.733140 0.733140
0.675840 0.675840 0.675840
0.668220 0.668220 0.668220
0.615840 0.615840 0.615840
0.629280 0.629280 0.629280
0.740160 0.740160 0.740160
0.687900 0.687900 0.687900
0.613140 0.613140 0.613140
0.663960 0.663960 0.663960
0.613740 0.613740 0.613740
0.604320 0.604320 0.604320
0.754440 0.754440 0.754440
0.659280 0.659280 0.659280
0.659100 0.659100 0.659100
0.624900 0.624900 0.624900
0.734280 0.734280 0.734280
0.730860 0.730860 0.730860
0.711840 0.711840 0.711840
0.688440 0.688440 0.688440
0.659880 0.659880 0.659880
0.658920 0.658920 0.658920
0.611100 0.611100 0.611100
0.753960 0.753960 0.753960
0.687720 0.687720 0.687720
0.633780 0.633780 0.633780
0.600180 0.600180 0.600180
0.605100 0.605100 0.605100
0.680760 0.680760 0.680760
0.755340 0.755340 0.755340
0.738600 0.738600 0.738600
0.697440 0.697440 0.697440
0.735420 0.735420 0.735420
0.622140 0.622140 0.622140
0.637800 0.637800 0.637800
0.737520 0.737520 0.737520
0.685500 0.685500 0.685500
0.681660 0.681660 0.681660
0.624840 0.624840 0.624840
0.622860 0.622860 0.622860
0.703980 0.703980 0.703980
0.662520 0.662520 0.662520
0.606660 0.606660 0.606660
0.746040 0.746040 0.746040
0.679260 0.679260 0.679260
0.633420 0.633420 0.633420
0.651240 0.651240 0.651240
0.653400 0.653400 0.653400
0.620100 0.620100 0.620100
0.674640 0.674640 0.674640
0.687000 0.687000 0.687000
0.692940 0.692940 0.692940
0.696540 0.696540 0.696540
0.663720 0.663720 0.663720
0.681000 0.681000 0.681000
0.719100 0.719100 0.719100
0.650940 0.650940 0.650940
0.717000 0.717000 0.717000
0.616920 0.616920 0.616920
0.635100 0.635100 0.635100
0.662400 0.662400 0.662400
0.644940 0.644940 0.644940
0.652980 0.652980 0.652980
0.613080 0.613080 0.613080
0.715320 0.715320 0.715320
0.716280 0.716280 0.716280
0.754260 0.754260 0.754260
0.635520 0.635520 0.635520
0.670320 0.670320 0.670320
0.746220 0.746220 0.746220
0.709800 0.709800 0.709800
0.737760 0.737760 0.737760
0.712920 0.712920 0.712920
0.750360 0.750360 0.750360
0.744840 0.744840 0.744840
0.617940 0.617940 0.617940
0.751800 0.751800 0.751800
0.748560 0.748560 0.748560
0.712080 0.712080 0.712080
0.753780 0.753780 0.753780
0.602400 0.602400 0.602400
0.604260 0.604260 0.604260
0.674820 0.674820 0.674820
0.720000 0.720000 0.720000
0.668700 0.668700 0.668700
0.697200 0.697200 0.697200
0.622800 0.622800 0.622800
0.730980 0.730980 0.730980
0.663120 0.663120 0.663120
0.738360 0.738360 0.738360
0.608940 0.608940 0.608940
0.706800 0.706800 0.706800
0.662100 0.662100 0.662100
0.619320 0.619320 0.619320
0.686280 0.686280 0.686280
0.717180 0.717180 0.717180
0.667500 0.667500 0.667500
0.636900 0.636900 0.636900
0.728040 0.728040 0.728040
0.649380 0.649380 0.649380
0.643560 0.643560 0.643560
0.662880 0.662880 0.662880
0.631740 0.631740 0.631740
0.614040 0.614040 0.614040
0.658020 0.658020 0.658020
0.639360 0.639360 0.639360
0.654240 0.654240 0.654240
0.728580 0.728580 0.728580
0.655380 0.655380 0.655380
0.655680 0.655680 0.655680
0.625800 0.625800 0.625800
0.635760 0.635760 0.635760
0.663240 0.663240 0.663240
0.623460 0.623460 0.623460
0.662160 0.662160 0.662160
0.613980 0.613980 0.613980
0.612000 0.612000 0.612000
0.633300 0.633300 0.633300
0.665640 0.665640 0.665640
0.632040 0.632040 0.632040
0.653040 0.653040 0.653040
0.609060 0.609060 0.609060
0.705060 0.705060 0.705060
0.657720 0.657720 0.657720
0.746280 0.746280 0.746280
0.723720 0.723720 0.723720
0.685800 0.685800 0.685800
0.614880 0.614880 0.614880
0.729480 0.729480 0.729480
0.603060 0.603060 0.603060
0.628620 0.628620 0.628620
0.686040 0.686040 0.686040
0.631500 0.631500 0.631500
0.677280 0.677280 0.677280
0.644040 0.644040 0.644040
0.703380 0.703380 0.703380
0.752760 0.752760 0.752760
0.613620 0.613620 0.613620
0.738720 0.738720 0.738720
0.655440 0.655440 0.655440
0.621540 0.621540 0.621540
0.685260 0.685260 0.685260
0.647700 0.647700 0.647700
0.624300 0.624300 0.624300
0.668760 0.668760 0.668760
0.696240 0.696240 0.696240
0.675720 0.675720 0.675720
0.712740 0.712740 0.712740
0.741000 0.741000 0.741000
0.719220 0.719220 0.719220
0.730500 0.730500 0.730500
0.744120 0.744120 0.744120
0.709140 0.709140 0.709140
0.652320 0.652320 0.652320
0.709260 0.709260 0.709260
0.605580 0.605580 0.605580
0.602280 0.602280 0.602280
0.711960 0.711960 0.711960
0.611460 0.611460 0.611460
0.743820 0.743820 0.743820
0.691020 0.691020 0.691020
0.634740 0.634740 0.634740
0.609780 0.609780 0.609780
0.672720 0.672720 0.672720
0.665880 0.665880 0.665880
0.637500 0.637500 0.637500
0.732960 0.732960 0.732960
0.606060 0.606060 0.606060
0.674460 0.674460 0.674460
0.703500 0.703500 0.703500
0.626820 0.626820 0.626820
0.637380 0.637380 0.637380
0.600120 0.600120 0.600120
0.619500 0.619500 0.619500
0.721620 0.721620 0.721620
0.675300 0.675300 0.675300
0.612900 0.612900 0.612900
0.674220 0.674220 0.674220
0.699720 0.699720 0.699720
0.731580 0.731580 0.731580
0.711720 0.711720 0.711720
0.702000 0.702000 0.702000
0.615720 0.615720 0.615720
0.635340 0.635340 0.635340
0.706080 0.706080 0.706080
0.710460 0.710460 0.710460
0.640980 0.640980 0.640980
0.633660 0.633660 0.633660
0.656760 0.656760 0.656760
0.643500 0.643500 0.643500
0.737460 0.737460 0.737460
0.609300 0.609300 0.609300
0.736200 0.736200 0.736200
0.663420 0.663420 0.663420
0.710760 0.710760 0.710760
0.715620 0.715620 0.715620
0.641220 0.641220 0.641220
0.621240 0.621240 0.621240
0.613260 0.613260 0.613260
0.680040 0.680040 0.680040
0.678600 0.678600 0.678600
0.681900 0.681900 0.681900
0.712560 0.712560 0.712560
0.706200 0.706200 0.706200
0.688380 0.688380 0.688380
0.730620 0.730620 0.730620
0.712440 0.712440 0.712440
0.740460 0.740460 0.740460
0.685200 0.685200 0.685200
0.741660 0.741660 0.741660
0.720480 0.720480 0.720480
0.729420 0.729420 0.729420
0.739140 0.739140 0.739140
0.665940 0.665940 0.665940
0.729600 0.729600 0.729600
0.684480 0.684480 0.684480
0.734820 0.734820 0.734820
0.648180 0.648180 0.648180
0.634380 0.634380 0.634380
0.610980 0.610980 0.610980
0.625680 0.625680 0.625680
0.608340 0.608340 0.608340
0.743580 0.743580 0.743580
0.698040 0.698040 0.698040
0.612120 0.612120 0.612120
0.665040 0.665040 0.665040
0.605520 0.605520 0.605520
0.681060 0.681060 0.681060
0.690900 0.690900 0.690900
0.683460 0.683460 0.683460
0.659160 0.659160 0.659160
0.736020 0.736020 0.736020
0.650400 0.650400 0.650400
0.742260 0.742260 0.742260
0.618900 0.618900 0.618900
0.606240 0.606240 0.606240
0.625920 0.625920 0.625920
0.737340 0.737340 0.737340
0.690780 0.690780 0.690780
0.748380 0.748380 0.748380
0.633480 0.633480 0.633480
0.619920 0.619920 0.619920
0.608820 0.608820 0.608820
0.638220 0.638220 0.638220
0.709740 0.709740 0.709740
0.724800 0.724800 0.724800
0.676080 0.676080 0.676080
0.679800 0.679800 0.679800
0.632580 0.632580 0.632580
0.730260 0.730260 0.730260
0.656220 0.656220 0.656220
0.706500 0.706500 0.706500
0.735600 0.735600 0.735600
0.678180 0.678180 0.678180
0.639000 0.639000 0.639000
0.625260 0.625260 0.625260
0.652740 0.652740 0.652740
0.656400 0.656400 0.656400
0.743400 0.743400 0.743400
0.743640 0.743640 0.743640
0.638760 0.638760 0.638760
0.742680 0.742680 0.742680
0.708420 0.708420 0.708420
0.610320 0.610320 0.610320
0.647520 0.647520 0.647520
0.730440 0.730440 0.730440
0.754740 0.754740 0.754740
0.729060 0.729060 0.729060
0.614280 0.614280 0.614280
0.735900 0.735900 0.735900
0.687480 0.687480 0.687480
0.733320 0.733320 0.733320
0.637020 0.637020 0.637020
0.664320 0.664320 0.664320
0.605760 0.605760 0.605760
0.651480 0.651480 0.651480
0.627660 0.627660 0.627660
0.665400 0.665400 0.665400
0.701280 0.701280 0.701280
0.633600 0.633600 0.633600
0.630360 0.630360 0.630360
0.680640 0.680640 0.680640
0.720180 0.720180 0.720180
0.720780 0.720780 0.720780
0.744300 0.744300 0.744300
0.660060 0.660060 0.660060
0.653220 0.653220 0.653220
0.698880 0.698880 0.698880
0.715560 0.715560 0.715560
0.710100 0.710100 0.710100
0.651420 0.651420 0.651420
0.662700 0.662700 0.662700
0.690360 0.690360 0.690360
0.667680 0.667680 0.667680
0.666060 0.666060 0.666060
0.663780 0.663780 0.663780
0.616200 0.616200 0.616200
0.629880 0.629880 0.629880
0.646920 0.646920 0.646920
0.734460 0.734460 0.734460
0.695100 0.695100 0.695100
0.662580 0.662580 0.662580
0.692760 0.692760 0.692760
0.630420 0.630420 0.630420
0.741360 0.741360 0.741360
0.748260 0.748260 0.748260
0.715080 0.715080 0.715080
0.683760 0.683760 0.683760
0.694560 0.694560 0.694560
0.697740 0.697740 0.697740
0.612360 0.612360 0.612360
0.703320 0.703320 0.703320
0.692520 0.692520 0.692520
0.697020 0.697020 0.697020
0.708180 0.708180 0.708180
0.611160 0.611160 0.611160
0.751740 0.751740 0.751740
0.623040 0.623040 0.623040
0.615480 0.615480 0.615480
0.699300 0.699300 0.699300
0.664020 0.664020 0.664020
0.664260 0.664260 0.664260
0.603540 0.603540 0.603540
0.712380 0.712380 0.712380
0.637260 0.637260 0.637260
0.709020 0.709020 0.709020
0.645420 0.645420 0.645420
0.706920 0.706920 0.706920
0.711360 0.711360 0.711360
0.680520 0.680520 0.680520
0.710040 0.710040 0.710040
0.690540 0.690540 0.690540
0.614520 0.614520 0.614520
0.667560 0.667560 0.667560
0.748320 0.748320 0.748320
0.746880 0.746880 0.746880
0.635280 0.635280 0.635280
0.736140 0.736140 0.736140
0.702180 0.702180 0.702180
0.739560 0.739560 0.739560
0.649680 0.649680 0.649680
0.610080 0.610080 0.610080
0.681360 0.681360 0.681360
0.674760 0.674760 0.674760
0.719580 0.719580 0.719580
0.728940 0.728940 0.728940
0.687360 0.687360 0.687360
0.645120 0.645120 0.645120
0.665460 0.665460 0.665460
0.732480 0.732480 0.732480
0.660720 0.660720 0.660720
0.640380 0.640380 0.640380
0.642720 0.642720 0.642720
0.615360 0.615360 0.615360
0.735060 0.735060 0.735060
0.738420 0.738420 0.738420
0.654600 0.654600 0.654600
0.752520 0.752520 0.752520
0.676200 0.676200 0.676200
0.718560 0.718560 0.718560
0.620160 0.620160 0.620160
0.723480 0.723480 0.723480
0.695640 0.695640 0.695640
0.642240 0.642240 0.642240
0.655980 0.655980 0.655980
0.753120 0.753120 0.753120
0.686400 0.686400 0.686400
0.609120 0.609120 0.609120
0.632100 0.632100 0.632100
0.622020 0.622020 0.622020
0.607440 0.607440 0.607440
0.639780 0.639780 0.639780
0.742920 0.742920 0.742920
0.601200 0.601200 0.601200
0.664800 0.664800 0.664800
0.738480 0.738480 0.738480
0.754860 0.754860 0.754860
0.686820 0.686820 0.686820
0.749940 0.749940 0.749940
0.646980 0.646980 0.646980
0.728280 0.728280 0.728280
0.667140 0.667140 0.667140
0.690420 0.690420 0.690420
0.746460 0.746460 0.746460
0.679140 0.679140 0.679140
0.698520 0.698520 0.698520
0.642060 0.642060 0.642060
0.731040 0.731040 0.731040
0.632880 0.632880 0.632880
0.665220 0.665220 0.665220
0.612420 0.612420 0.612420
0.625440 0.625440 0.625440
0.631620 0.631620 0.631620
0.620640 0.620640 0.620640
0.641700 0.641700 0.641700
0.624600 0.624600 0.624600
0.612060 0.612060 0.612060
0.743520 0.743520 0.743520
0.726180 0.726180 0.726180
0.682440 0.682440 0.682440
0.669660 0.669660 0.669660
0.731100 0.731100 0.731100
0.605220 0.605220 0.605220
0.657900 0.657900 0.657900
0.604440 0.604440 0.604440
0.717360 0.717360 0.717360
0.661200 0.661200 0.661200
0.698700 0.698700 0.698700
0.640020 0.640020 0.640020
0.614340 0.614340 0.614340
0.600660 0.600660 0.600660
0.704760 0.704760 0.704760
0.678060 0.678060 0.678060
0.710520 0.710520 0.710520
0.683400 0.683400 0.683400
0.626700 0.626700 0.626700
0.686340 0.686340 0.686340
0.612240 0.612240 0.612240
0.617340 0.617340 0.617340
0.648000 0.648000 0.648000
0.753720 0.753720 0.753720
0.610260 0.610260 0.610260
0.720960 0.720960 0.720960
0.718320 0.718320 0.718320
0.752700 0.752700 0.752700
0.604560 0.604560 0.604560
0.617160 0.617160 0.617160
0.752640 0.752640 0.752640
0.747360 0.747360 0.747360
0.733740 0.733740 0.733740
0.626100 0.626100 0.626100
0.683580 0.683580 0.683580
0.691140 0.691140 0.691140
0.676740 0.676740 0.676740
0.719940 0.719940 0.719940
0.713220 0.713220 0.713220
0.627180 0.627180 0.627180
0.688920 0.688920 0.688920
0.749820 0.749820 0.749820
0.689700 0.689700 0.689700
0.744720 0.744720 0.744720
0.674700 0.674700 0.674700
0.624360 0.624360 0.624360
0.730740 0.730740 0.730740
0.643740 0.643740 0.643740
0.600720 0.600720 0.600720
0.624720 0.624720 0.624720
0.722520 0.722520 0.722520
0.733800 0.733800 0.733800
0.633120 0.633120 0.633120
0.679680 0.679680 0.679680
0.746340 0.746340 0.746340
0.643260 0.643260 0.643260
0.651120 0.651120 0.651120
0.643320 0.643320 0.643320
0.617820 0.617820 0.617820
0.680160 0.680160 0.680160
0.732240 0.732240 0.732240
0.752580 0.752580 0.752580
0.670620 0.670620 0.670620
0.609840 0.609840 0.609840
0.638100 0.638100 0.638100
0.631800 0.631800 0.631800
0.667620 0.667620 0.667620
0.609540 0.609540 0.609540
0.635220 0.635220 0.635220
0.701640 0.701640 0.701640
0.653760 0.653760 0.653760
0.697500 0.697500 0.697500
0.720540 0.720540 0.720540
0.678720 0.678720 0.678720
0.655320 0.655320 0.655320
0.730140 0.730140 0.730140
0.726540 0.726540 0.726540
0.645300 0.645300 0.645300
0.711480 0.711480 0.711480
0.623340 0.623340 0.623340
0.675660 0.675660 0.675660
0.719880 0.719880 0.719880
0.658620 0.658620 0.658620
0.621960 0.621960 0.621960
0.753060 0.753060 0.753060
0.729720 0.729720 0.729720
0.710880 0.710880 0.710880
0.605700 0.605700 0.605700
0.659700 0.659700 0.659700
0.702420 0.702420 0.702420
0.617040 0.617040 0.617040
0.646620 0.646620 0.646620
0.702360 0.702360 0.702360
0.725640 0.725640 0.725640
0.609960 0.609960 0.609960
0.736560 0.736560 0.736560
0.613920 0.613920 0.613920
0.673440 0.673440 0.673440
0.744180 0.744180 0.744180
0.742740 0.742740 0.742740
0.699180 0.699180 0.699180
0.703140 0.703140 0.703140
0.726900 0.726900 0.726900
0.652620 0.652620 0.652620
0.658140 0.658140 0.658140
0.624240 0.624240 0.624240
0.704340 0.704340 0.704340
0.743280 0.743280 0.743280
0.746400 0.746400 0.746400
0.609480 0.609480 0.609480
0.714600 0.714600 0.714600
0.721560 0.721560 0.721560
0.699060 0.699060 0.699060
0.735660 0.735660 0.735660
0.754380 0.754380 0.754380
0.605340 0.605340 0.605340
0.735180 0.735180 0.735180
0.605280 0.605280 0.605280
0.754320 0.754320 0.754320
0.707880 0.707880 0.707880
0.639960 0.639960 0.639960
0.689760 0.689760 0.689760
0.694920 0.694920 0.694920
0.710700 0.710700 0.710700
0.726060 0.726060 0.726060
0.687660 0.687660 0.687660
0.701820 0.701820 0.701820
0.601500 0.601500 0.601500
0.698400 0.698400 0.698400
0.701520 0.701520 0.701520
0.646320 0.646320 0.646320
0.689880 0.689880 0.689880
0.694620 0.694620 0.694620
0.734520 0.734520 0.734520
0.664680 0.664680 0.664680
0.734040 0.734040 0.734040
0.716820 0.716820 0.716820
0.601080 0.601080 0.601080
0.716700 0.716700 0.716700
0.642900 0.642900 0.642900
0.723960 0.723960 0.723960
0.709680 0.709680 0.709680
0.749400 0.749400 0.749400
0.622440 0.622440 0.622440
0.750600 0.750600 0.750600
0.728160 0.728160 0.728160
0.707580 0.707580 0.707580
0.619260 0.619260 0.619260
0.729840 0.729840 0.729840
0.725700 0.725700 0.725700
0.721440 0.721440 0.721440
0.665340 0.665340 0.665340
0.702600 0.702600 0.702600
0.671700 0.671700 0.671700
0.616320 0.616320 0.616320
0.651540 0.651540 0.651540
0.731280 0.731280 0.731280
0.610620 0.610620 0.610620
0.661440 0.661440 0.661440
0.649980 0.649980 0.649980
0.651600 0.651600 0.651600
0.640440 0.640440 0.640440
0.742020 0.742020 0.742020
0.631680 0.631680 0.631680
0.693240 0.693240 0.693240
0.630900 0.630900 0.630900
0.745140 0.745140 0.745140
0.698460 0.698460 0.698460
0.724260 0.724260 0.724260
0.602040 0.602040 0.602040
0.619800 0.619800 0.619800
0.660780 0.660780 0.660780
0.673500 0.673500 0.673500
0.618060 0.618060 0.618060
0.664080 0.664080 0.664080
0.670740 0.670740 0.670740
0.620940 0.620940 0.620940
0.635160 0.635160 0.635160
0.707520 0.707520 0.707520
0.684840 0.684840 0.684840
0.684420 0.684420 0.684420
0.668880 0.668880 0.668880
0.724740 0.724740 0.724740
0.685320 0.685320 0.685320
0.671940 0.671940 0.671940
0.681420 0.681420 0.681420
0.620760 0.620760 0.620760
0.747840 0.747840 0.747840
0.739020 0.739020 0.739020
0.679080 0.679080 0.679080
0.671220 0.671220 0.671220
0.717960 0.717960 0.717960
0.719460 0.719460 0.719460
0.732720 0.732720 0.732720
0.641640 0.641640 0.641640
0.688980 0.688980 0.688980
0.656040 0.656040 0.656040
0.724020 0.724020 0.724020
0.707760 0.707760 0.707760
0.683220 0.683220 0.683220
0.709620 0.709620 0.709620
0.660660 0.660660 0.660660
0.703560 0.703560 0.703560
0.712020 0.712020 0.712020
0.626760 0.626760 0.626760
0.752160 0.752160 0.752160
0.634560 0.634560 0.634560
0.651900 0.651900 0.651900
0.614820 0.614820 0.614820
0.685140 0.685140 0.685140
0.717480 0.717480 0.717480
0.664980 0.664980 0.664980
0.609360 0.609360 0.609360
0.640920 0.640920 0.640920
0.709380 0.709380 0.709380
0.627900 0.627900 0.627900
0.724140 0.724140 0.724140
0.666660 0.666660 0.666660
0.628860 0.628860 0.628860
0.628800 0.628800 0.628800
0.692820 0.692820 0.692820
0.634140 0.634140 0.634140
0.714180 0.714180 0.714180
0.693840 0.693840 0.693840
0.677880 0.677880 0.677880
0.726780 0.726780 0.726780
0.644280 0.644280 0.644280
0.729360 0.729360 0.729360
0.646260 0.646260 0.646260
0.695940 0.695940 0.695940
0.676020 0.676020 0.676020
0.686580 0.686580 0.686580
0.658380 0.658380 0.658380
0.610440 0.610440 0.610440
0.622500 0.622500 0.622500
0.673320 0.673320 0.673320
0.741780 0.741780 0.741780
0.717660 0.717660 0.717660
0.669000 0.669000 0.669000
0.600600 0.600600 0.600600
0.722580 0.722580 0.722580
0.742140 0.742140 0.742140
0.663300 0.663300 0.663300
0.643980 0.643980 0.643980
0.711240 0.711240 0.711240
0.692580 0.692580 0.692580
0.627360 0.627360 0.627360
0.700560 0.700560 0.700560
0.722460 0.722460 0.722460
0.685620 0.685620 0.685620
0.731700 0.731700 0.731700
0.674040 0.674040 0.674040
0.681180 0.681180 0.681180
0.618960 0.618960 0.618960
0.745380 0.745380 0.745380
0.669240 0.669240 0.669240
0.657420 0.657420 0.657420
0.661920 0.661920 0.661920
0.724200 0.724200 0.724200
0.685020 0.685020 0.685020
0.715140 0.715140 0.715140
0.653280 0.653280 0.653280
0.602340 0.602340 0.602340
0.601320 0.601320 0.601320
0.685080 0.685080 0.685080
0.689100 0.689100 0.689100
0.615060 0.615060 0.615060
0.688740 0.688740 0.688740
0.616560 0.616560 0.616560
0.737820 0.737820 0.737820
0.649260 0.649260 0.649260
0.601260 0.601260 0.601260
0.639180 0.639180 0.639180
0.611220 0.611220 0.611220
0.636960 0.636960 0.636960
0.634680 0.634680 0.634680
0.610920 0.610920 0.610920
0.725760 0.725760 0.725760
0.623520 0.623520 0.623520
0.623580 0.623580 0.623580
0.619680 0.619680 0.619680
0.713340 0.713340 0.713340
0.710400 0.710400 0.710400
0.705480 0.705480 0.705480
0.690600 0.690600 0.690600
0.725160 0.725160 0.725160
0.676260 0.676260 0.676260
0.665100 0.665100 0.665100
0.723060 0.723060 0.723060
0.606000 0.606000 0.606000
0.708660 0.708660 0.708660
0.719280 0.719280 0.719280
0.600060 0.600060 0.600060
0.719340 0.719340 0.719340
0.605400 0.605400 0.605400
0.674880 0.674880 0.674880
0.679200 0.679200 0.679200
0.660900 0.660900 0.660900
0.634200 0.634200 0.634200
0.681480 0.681480 0.681480
0.650640 0.650640 0.650640
0.695160 0.695160 0.695160
0.611700 0.611700 0.611700
0.649080 0.649080 0.649080
0.722640 0.722640 0.722640
0.631860 0.631860 0.631860
0.616680 0.616680 0.616680
0.696120 0.696120 0.696120
0.666360 0.666360 0.666360
0.722760 0.722760 0.722760
0.680220 0.680220 0.680220
0.728820 0.728820 0.728820
0.648660 0.648660 0.648660
0.743460 0.743460 0.743460
0.682680 0.682680 0.682680
0.657960 0.657960 0.657960
0.718080 0.718080 0.718080
0.659220 0.659220 0.659220
0.748860 0.748860 0.748860
0.651060 0.651060 0.651060
0.747060 0.747060 0.747060
0.692100 0.692100 0.692100
0.750660 0.750660 0.750660
0.630600 0.630600 0.630600
0.652380 0.652380 0.652380
0.699540 0.699540 0.699540
0.677640 0.677640 0.677640
0.618300 0.618300 0.618300
0.733680 0.733680 0.733680
0.677100 0.677100 0.677100
0.637860 0.637860 0.637860
0.704700 0.704700 0.704700
0.629220 0.629220 0.629220
0.687600 0.687600 0.687600
0.648420 0.648420 0.648420
0.606960 0.606960 0.606960
0.672600 0.672600 0.672600
0.677520 0.677520 0.677520
0.629040 0.629040 0.629040
0.713820 0.713820 0.713820
0.626280 0.626280 0.626280
0.693600 0.693600 0.693600
0.703200 0.703200 0.703200
0.742980 0.742980 0.742980
0.738240 0.738240 0.738240
0.747180 0.747180 0.747180
0.709920 0.709920 0.709920
0.620820 0.620820 0.620820
0.728700 0.728700 0.728700
0.717300 0.717300 0.717300
0.615000 0.615000 0.615000
0.643080 0.643080 0.643080
0.603240 0.603240 0.603240
0.669420 0.669420 0.669420
0.618180 0.618180 0.618180
0.746640 0.746640 0.746640
0.653340 0.653340 0.653340
0.634080 0.634080 0.634080
0.692160 0.692160 0.692160
0.751860 0.751860 0.751860
0.621900 0.621900 0.621900
0.658500 0.658500 0.658500
0.736080 0.736080 0.736080
0.615240 0.615240 0.615240
0.631920 0.631920 0.631920
0.676680 0.676680 0.676680
0.677940 0.677940 0.677940
0.603660 0.603660 0.603660
0.636120 0.636120 0.636120
0.700200 0.700200 0.700200
0.736620 0.736620 0.736620
0.696900 0.696900 0.696900
0.618660 0.618660 0.618660
0.714840 0.714840 0.714840
0.702960 0.702960 0.702960
0.607080 0.607080 0.607080
0.694680 0.694680 0.694680
0.645960 0.645960 0.645960
0.612600 0.612600 0.612600
0.713040 0.713040 0.713040
0.676860 0.676860 0.676860
0.660480 0.660480 0.660480
0.739320 0.739320 0.739320
0.688260 0.688260 0.688260
0.708780 0.708780 0.708780
0.697860 0.697860 0.697860
0.702720 0.702720 0.702720
0.603300 0.603300 0.603300
0.716940 0.716940 0.716940
0.682980 0.682980 0.682980
0.717900 0.717900 0.717900
0.743040 0.743040 0.743040
0.743700 0.743700 0.743700
0.670140 0.670140 0.670140
0.661800 0.661800 0.661800
0.631140 0.631140 0.631140
0.668160 0.668160 0.668160
0.654660 0.654660 0.654660
0.718800 0.718800 0.718800
0.666480 0.666480 0.666480
0.694380 0.694380 0.694380
0.622200 0.622200 0.622200
0.656460 0.656460 0.656460
0.722280 0.722280 0.722280
0.658560 0.658560 0.658560
0.701160 0.701160 0.701160
0.675060 0.675060 0.675060
0.620280 0.620280 0.620280
0.732360 0.732360 0.732360
0.690720 0.690720 0.690720
0.645180 0.645180 0.645180
0.611940 0.611940 0.611940
0.694980 0.694980 0.694980
0.703740 0.703740 0.703740
0.745020 0.745020 0.745020
0.609600 0.609600 0.609600
0.754920 0.754920 0.754920
0.700800 0.700800 0.700800
0.630660 0.630660 0.630660
0.691500 0.691500 0.691500
0.649560 0.649560 0.649560
0.669120 0.669120 0.669120
0.738060 0.738060 0.738060
0.714240 0.714240 0.714240
0.747600 0.747600 0.747600
0.684960 0.684960 0.684960
0.652560 0.652560 0.652560
0.603420 0.603420 0.603420
0.716520 0.716520 0.716520
0.684720 0.684720 0.684720
0.644100 0.644100 0.644100
0.637920 0.637920 0.637920
0.643380 0.643380 0.643380
0.602100 0.602100 0.602100
0.705660 0.705660 0.705660
0.661740 0.661740 0.661740
0.741240 0.741240 0.741240
0.755760 0.755760 0.755760
0.729660 0.729660 0.729660
0.723000 0.723000 0.723000
0.698820 0.698820 0.698820
0.702120 0.702120 0.702120
0.634500 0.634500 0.634500
0.639420 0.639420 0.639420
0.629460 0.629460 0.629460
0.601920 0.601920 0.601920
0.754500 0.754500 0.754500
0.730560 0.730560 0.730560
0.742560 0.742560 0.742560
0.682860 0.682860 0.682860
0.611880 0.611880 0.611880
0.742320 0.742320 0.742320
0.614640 0.614640 0.614640
0.650820 0.650820 0.650820
0.619020 0.619020 0.619020
0.651660 0.651660 0.651660
0.607380 0.607380 0.607380
0.654420 0.654420 0.654420
0.689340 0.689340 0.689340
0.696600 0.696600 0.696600
0.676380 0.676380 0.676380
0.708540 0.708540 0.708540
0.610860 0.610860 0.610860
0.628500 0.628500 0.628500
0.639300 0.639300 0.639300
0.732060 0.732060 0.732060
0.726960 0.726960 0.726960
0.641460 0.641460 0.641460
0.608280 0.608280 0.608280
0.642960 0.642960 0.642960
0.650460 0.650460 0.650460
0.613680 0.613680 0.613680
0.712800 0.712800 0.712800
0.725520 0.725520 0.725520
0.628980 0.628980 0.628980
0.677340 0.677340 0.677340
0.709980 0.709980 0.709980
0.705840 0.705840 0.705840
0.727080 0.727080 0.727080
0.732840 0.732840 0.732840
0.644340 0.644340 0.644340
0.703800 0.703800 0.703800
0.685560 0.685560 0.685560
0.662280 0.662280 0.662280
0.738120 0.738120 0.738120
0.640740 0.640740 0.640740
0.749520 0.749520 0.749520
0.707040 0.707040 0.707040
0.715860 0.715860 0.715860
0.627480 0.627480 0.627480
0.720720 0.720720 0.720720
0.692880 0.692880 0.692880
0.603900 0.603900 0.603900
0.710940 0.710940 0.710940
0.693780 0.693780 0.693780
0.753660 0.753660 0.753660
0.695700 0.695700 0.695700
0.673140 0.673140 0.673140
0.628740 0.628740 0.628740
0.716640 0.716640 0.716640
0.603960 0.603960 0.603960
0.662340 0.662340 0.662340
0.732300 0.732300 0.732300
0.642840 0.642840 0.642840
0.752880 0.752880 0.752880
0.644460 0.644460 0.644460
0.739200 0.739200 0.739200
0.620400 0.620400 0.620400
0.701040 0.701040 0.701040
0.632760 0.632760 0.632760
0.724860 0.724860 0.724860
0.655260 0.655260 0.655260
0.748680 0.748680 0.748680
0.730680 0.730680 0.730680
0.708300 0.708300 0.708300
0.685440 0.685440 0.685440
0.621360 0.621360 0.621360
0.611640 0.611640 0.611640
0.667080 0.667080 0.667080
0.628680 0.628680 0.628680
0.699360 0.699360 0.699360
0.684060 0.684060 0.684060
0.727620 0.727620 0.727620
0.735960 0.735960 0.735960
0.686160 0.686160 0.686160
0.627000 0.627000 0.627000
0.659820 0.659820 0.659820
0.743220 0.743220 0.743220
0.638400 0.638400 0.638400
0.724380 0.724380 0.724380
0.725340 0.725340 0.725340
0.672540 0.672540 0.672540
0.648780 0.648780 0.648780
0.740100 0.740100 0.740100
0.724920 0.724920 0.724920
0.732120 0.732120 0.732120
0.627780 0.627780 0.627780
0.618420 0.618420 0.618420
0.719820 0.719820 0.719820
0.666720 0.666720 0.666720
0.644400 0.644400 0.644400
0.755220 0.755220 0.755220
0.645000 0.645000 0.645000
0.605040 0.605040 0.605040
0.602820 0.602820 0.602820
0.652020 0.652020 0.652020
0.628020 0.628020 0.628020
0.665520 0.665520 0.665520
0.655020 0.655020 0.655020
0.696480 0.696480 0.696480
0.740760 0.740760 0.740760
0.723780 0.723780 0.723780
0.625740 0.625740 0.625740
0.670260 0.670260 0.670260
0.693300 0.693300 0.693300
0.688680 0.688680 0.688680
0.696720 0.696720 0.696720
0.658680 0.658680 0.658680
0.600780 0.600780 0.600780
0.744000 0.744000 0.744000
0.651000 0.651000 0.651000
0.625500 0.625500 0.625500
0.638580 0.638580 0.638580
0.667260 0.667260 0.667260
0.613800 0.613800 0.613800
0.673800 0.673800 0.673800
0.722820 0.722820 0.722820
0.709080 0.709080 0.709080
0.705900 0.705900 0.705900
0.664140 0.664140 0.664140
0.662040 0.662040 0.662040
0.604680 0.604680 0.604680
0.727800 0.727800 0.727800
0.741180 0.741180 0.741180
0.748920 0.748920 0.748920
0.646800 0.646800 0.646800
0.664920 0.664920 0.664920
0.633840 0.633840 0.633840
0.647640 0.647640 0.647640
0.663360 0.663360 0.663360
0.731340 0.731340 0.731340
0.724080 0.724080 0.724080
0.729900 0.729900 0.729900
0.612540 0.612540 0.612540
0.717540 0.717540 0.717540
0.714540 0.714540 0.714540
0.747240 0.747240 0.747240
0.616860 0.616860 0.616860
0.735480 0.735480 0.735480
0.607200 0.607200 0.607200
0.736860 0.736860 0.736860
0.725460 0.725460 0.725460
0.679560 0.679560 0.679560
0.706320 0.706320 0.706320
0.645060 0.645060 0.645060
0.701400 0.701400 0.701400
0.645360 0.645360 0.645360
0.688620 0.688620 0.688620
0.665160 0.665160 0.665160
0.671160 0.671160 0.671160
0.617280 0.617280 0.617280
0.749220 0.749220 0.749220
0.629940 0.629940 0.629940
0.608220 0.608220 0.608220
0.745560 0.745560 0.745560
0.744600 0.744600 0.744600
0.746160 0.746160 0.746160
0.739440 0.739440 0.739440
0.603360 0.603360 0.603360
0.677460 0.677460 0.677460
0.701880 0.701880 0.701880
0.633360 0.633360 0.633360
0.639840 0.639840 0.639840
0.647760 0.647760 0.647760
0.643920 0.643920 0.643920
0.679740 0.679740 0.679740
0.697980 0.697980 0.697980
0.711300 0.711300 0.711300
0.660240 0.660240 0.660240
0.755700 0.755700 0.755700
0.737220 0.737220 0.737220
0.737700 0.737700 0.737700
0.618720 0.618720 0.618720
0.608700 0.608700 0.608700
0.731220 0.731220 0.731220
0.687180 0.687180 0.687180
0.710580 0.710580 0.710580
0.636780 0.636780 0.636780
0.683880 0.683880 0.683880
0.673740 0.673740 0.673740
0.718740 0.718740 0.718740
0.755820 0.755820 0.755820
0.657300 0.657300 0.657300
0.746700 0.746700 0.746700
0.682920 0.682920 0.682920
0.632820 0.632820 0.632820
0.722880 0.722880 0.722880
0.681960 0.681960 0.681960
0.681300 0.681300 0.681300
0.670980 0.670980 0.670980
0.669060 0.669060 0.669060
0.684240 0.684240 0.684240
0.662460 0.662460 0.662460
0.733860 0.733860 0.733860
0.656280 0.656280 0.656280
0.739800 0.739800 0.739800
0.650580 0.650580 0.650580
0.730920 0.730920 0.730920
0.604920 0.604920 0.604920
0.669480 0.669480 0.669480
0.649200 0.649200 0.649200
0.711540 0.711540 0.711540
0.625980 0.625980 0.625980
0.745440 0.745440 0.745440
0.652800 0.652800 0.652800
0.637140 0.637140 0.637140
0.694740 0.694740 0.694740
0.732900 0.732900 0.732900
0.747420 0.747420 0.747420
0.702660 0.702660 0.702660
0.692340 0.692340 0.692340
0.640080 0.640080 0.640080
0.729000 0.729000 0.729000
0.731520 0.731520 0.731520
0.606840 0.606840 0.606840
0.689820 0.689820 0.689820
0.608100 0.608100 0.608100
0.687960 0.687960 0.687960
0.738840 0.738840 0.738840
0.638520 0.638520 0.638520
0.630960 0.630960 0.630960
0.656880 0.656880 0.656880
0.601440 0.601440 0.601440
0.674940 0.674940 0.674940
0.738960 0.738960 0.738960
0.657780 0.657780 0.657780
0.706620 0.706620 0.706620
0.672360 0.672360 0.672360
0.636180 0.636180 0.636180
0.733500 0.733500 0.733500
0.673680 0.673680 0.673680
0.717060 0.717060 0.717060
0.749460 0.749460 0.749460
0.634800 0.634800 0.634800
0.717840 0.717840 0.717840
0.631380 0.631380 0.631380
0.627600 0.627600 0.627600
0.730080 0.730080 0.730080
0.679860 0.679860 0.679860
0.645540 0.645540 0.645540
0.683940 0.683940 0.683940
0.735780 0.735780 0.735780
0.683700 0.683700 0.683700
0.637080 0.637080 0.637080
0.642120 0.642120 0.642120
0.754140 0.754140 0.754140
0.625860 0.625860 0.625860
0.750120 0.750120 0.750120
0.706380 0.706380 0.706380
0.753480 0.753480 0.753480
0.614940 0.614940 0.614940
0.615900 0.615900 0.615900
0.686100 0.686100 0.686100
0.659520 0.659520 0.659520
0.728100 0.728100 0.728100
0.709440 0.709440 0.709440
0.725220 0.725220 0.725220
0.645900 0.645900 0.645900
0.669300 0.669300 0.669300
0.634440 0.634440 0.634440
0.654540 0.654540 0.654540
0.677220 0.677220 0.677220
0.681600 0.681600 0.681600
0.734940 0.734940 0.734940
0.647220 0.647220 0.647220
0.721860 0.721860 0.721860
0.712680 0.712680 0.712680
0.637560 0.637560 0.637560
0.714660 0.714660 0.714660
0.679620 0.679620 0.679620
0.708480 0.708480 0.708480
0.753600 0.753600 0.753600
0.732540 0.732540 0.732540
0.684120 0.684120 0.684120
0.688800 0.688800 0.688800
0.715740 0.715740 0.715740
0.663180 0.663180 0.663180
0.637620 0.637620 0.637620
0.689940 0.689940 0.689940
0.751620 0.751620 0.751620
0.602640 0.602640 0.602640
0.679500 0.679500 0.679500
0.714720 0.714720 0.714720
0.672480 0.672480 0.672480
0.646740 0.646740 0.646740
0.685920 0.685920 0.685920
0.682560 0.682560 0.682560
0.713640 0.713640 0.713640
0.670800 0.670800 0.670800
0.604500 0.604500 0.604500
0.733200 0.733200 0.733200
0.631080 0.631080 0.631080
0.673620 0.673620 0.673620
0.650760 0.650760 0.650760
0.609720 0.609720 0.609720
0.644640 0.644640 0.644640
0.657840 0.657840 0.657840
0.710340 0.710340 0.710340
0.606420 0.606420 0.606420
0.672420 0.672420 0.672420
0.612480 0.612480 0.612480
0.747720 0.747720 0.747720
0.667320 0.667320 0.667320
0.741540 0.741540 0.741540
0.690120 0.690120 0.690120
0.606360 0.606360 0.606360
0.690300 0.690300 0.690300
0.712500 0.712500 0.712500
0.640800 0.640800 0.640800
0.625620 0.625620 0.625620
0.630780 0.630780 0.630780
0.723600 0.723600 0.723600
0.653700 0.653700 0.653700
0.675420 0.675420 0.675420
0.702540 0.702540 0.702540
0.704820 0.704820 0.704820
0.707160 0.707160 0.707160
0.635460 0.635460 0.635460
0.739500 0.739500 0.739500
0.636480 0.636480 0.636480
0.668280 0.668280 0.668280
0.697620 0.697620 0.697620
0.604020 0.604020 0.604020
0.732000 0.732000 0.732000
0.620340 0.620340 0.620340
0.703440 0.703440 0.703440
0.657660 0.657660 0.657660
0.690480 0.690480 0.690480
0.707340 0.707340 0.707340
0.683520 0.683520 0.683520
0.754680 0.754680 0.754680
0.753300 0.753300 0.753300
0.644220 0.644220 0.644220
0.727020 0.727020 0.727020
0.748980 0.748980 0.748980
0.607140 0.607140 0.607140
0.603120 0.603120 0.603120
0.729540 0.729540 0.729540
0.636600 0.636600 0.636600
0.678240 0.678240 0.678240
0.661380 0.661380 0.661380
0.668580 0.668580 0.668580
0.621720 0.621720 0.621720
0.636060 0.636060 0.636060
0.642300 0.642300 0.642300
0.646860 0.646860 0.646860
0.742200 0.742200 0.742200
0.619380 0.619380 0.619380
0.702480 0.702480 0.702480
0.661980 0.661980 0.661980
0.754620 0.754620 0.754620
0.735000 0.735000 0.735000
0.676320 0.676320 0.676320
0.672660 0.672660 0.672660
0.650280 0.650280 0.650280
0.733440 0.733440 0.733440
0.720840 0.720840 0.720840
0.617100 0.617100 0.617100
0.706020 0.706020 0.706020
0.650220 0.650220 0.650220
0.745740 0.745740 0.745740
0.698640 0.698640 0.698640
0.720240 0.720240 0.720240
0.630120 0.630120 0.630120
0.607560 0.607560 0.607560
0.676620 0.676620 0.676620
0.696360 0.696360 0.696360
0.744420 0.744420 0.744420
0.611400 0.611400 0.611400
0.679320 0.679320 0.679320
0.676560 0.676560 0.676560
0.745920 0.745920 0.745920
0.683640 0.683640 0.683640
0.728400 0.728400 0.728400
0.610560 0.610560 0.610560
0.627420 0.627420 0.627420
0.751020 0.751020 0.751020
0.619740 0.619740 0.619740
0.626580 0.626580 0.626580
0.717600 0.717600 0.717600
0.604980 0.604980 0.604980
0.642180 0.642180 0.642180
0.701760 0.701760 0.701760
0.658980 0.658980 0.658980
0.606480 0.606480 0.606480
0.654060 0.654060 0.654060
0.639660 0.639660 0.639660
0.602160 0.602160 0.602160
0.673560 0.673560 0.673560
0.734880 0.734880 0.734880
0.743880 0.743880 0.743880
0.666600 0.666600 0.666600
0.662940 0.662940 0.662940
0.697680 0.697680 0.697680
0.674100 0.674100 0.674100
0.699960 0.699960 0.699960
0.693360 0.693360 0.693360
0.660180 0.660180 0.660180
0.669720 0.669720 0.669720
0.625380 0.625380 0.625380
0.737040 0.737040 0.737040
0.677400 0.677400 0.677400
0.724560 0.724560 0.724560
0.609240 0.609240 0.609240
0.629160 0.629160 0.629160
0.663600 0.663600 0.663600
0.718260 0.718260 0.718260
0.722220 0.722220 0.722220
0.737100 0.737100 0.737100
0.687240 0.687240 0.687240
0.723840 0.723840 0.723840
0.606300 0.606300 0.606300
0.631980 0.631980 0.631980
0.694440 0.694440 0.694440
0.645660 0.645660 0.645660
0.724440 0.724440 0.724440
0.677760 0.677760 0.677760
0.661680 0.661680 0.661680
0.742620 0.742620 0.742620
0.626340 0.626340 0.626340
0.741300 0.741300 0.741300
0.698940 0.698940 0.698940
0.753240 0.753240 0.753240
0.628320 0.628320 0.628320
0.732420 0.732420 0.732420
0.751440 0.751440 0.751440
0.700920 0.700920 0.700920
0.603840 0.603840 0.603840
0.703680 0.703680 0.703680
0.658080 0.658080 0.658080
0.748740 0.748740 0.748740
0.613500 0.613500 0.613500
0.663060 0.663060 0.663060
0.652200 0.652200 0.652200
0.709560 0.709560 0.709560
0.755580 0.755580 0.755580
0.683340 0.683340 0.683340
0.603720 0.603720 0.603720
0.612720 0.612720 0.612720
0.600240 0.600240 0.600240
0.724680 0.724680 0.724680
0.701340 0.701340 0.701340
0.699900 0.699900 0.699900
0.600480 0.600480 0.600480
0.674400 0.674400 0.674400
0.648060 0.648060 0.648060
0.721500 0.721500 0.721500
0.705780 0.705780 0.705780
0.632700 0.632700 0.632700
0.747480 0.747480 0.747480
0.647820 0.647820 0.647820
0.639600 0.639600 0.639600
0.602580 0.602580 0.602580
0.619440 0.619440 0.619440
0.692460 0.692460 0.692460
0.654720 0.654720 0.654720
0.614760 0.614760 0.614760
0.688560 0.688560 0.688560
0.649800 0.649800 0.649800
0.727560 0.727560 0.727560
0.696180 0.696180 0.696180
0.750060 0.750060 0.750060
0.626640 0.626640 0.626640
0.638160 0.638160 0.638160
0.695400 0.695400 0.695400
0.716580 0.716580 0.716580
0.705600 0.705600 0.705600
0.642780 0.642780 0.642780
0.670080 0.670080 0.670080
0.755940 0.755940 0.755940
0.639060 0.639060 0.639060
0.706440 0.706440 0.706440
0.625080 0.625080 0.625080
0.653100 0.653100 0.653100
0.677580 0.677580 0.677580
0.727680 0.727680 0.727680
0.605460 0.605460 0.605460
0.746520 0.746520 0.746520
0.667440 0.667440 0.667440
0.649440 0.649440 0.649440
0.684000 0.684000 0.684000
0.619860 0.619860 0.619860
0.675360 0.675360 0.675360
0.725820 0.725820 0.725820
0.606180 0.606180 0.606180
0.661560 0.661560 0.661560
0.727260 0.727260 0.727260
0.682500 0.682500 0.682500
0.746940 0.746940 0.746940
0.632940 0.632940 0.632940
0.684300 0.684300 0.684300
0.708600 0.708600 0.708600
0.668640 0.668640 0.668640
0.674160 0.674160 0.674160
0.623160 0.623160 0.623160
0.706980 0.706980 0.706980
0.663840 0.663840 0.663840
0.739920 0.739920 0.739920
0.740820 0.740820 0.740820
0.642420 0.642420 0.642420
0.680820 0.680820 0.680820
0.650520 0.650520 0.650520
0.739260 0.739260 0.739260
0.720300 0.720300 0.720300
0.706740 0.706740 0.706740
0.755160 0.755160 0.755160
0.602880 0.602880 0.602880
0.671400 0.671400 0.671400
0.656340 0.656340 0.656340
0.710820 0.710820 0.710820
0.733560 0.733560 0.733560
0.633960 0.633960 0.633960
0.656160 0.656160 0.656160
0.715500 0.715500 0.715500
0.655140 0.655140 0.655140
0.629340 0.629340 0.629340
0.673260 0.673260 0.673260
0.642600 0.642600 0.642600
0.676440 0.676440 0.676440
0.725580 0.725580 0.725580
0.725880 0.725880 0.725880
0.636840 0.636840 0.636840
0.707940 0.707940 0.707940
0.684540 0.684540 0.684540
0.612780 0.612780 0.612780
0.741480 0.741480 0.741480
0.734400 0.734400 0.734400
0.739980 0.739980 0.739980
0.646200 0.646200 0.646200
0.726480 0.726480 0.726480
0.708900 0.708900 0.708900
0.623280 0.623280 0.623280
0.736260 0.736260 0.736260
0.669360 0.669360 0.669360
0.631320 0.631320 0.631320
0.743100 0.743100 0.743100
0.689580 0.689580 0.689580
0.646380 0.646380 0.646380
0.682260 0.682260 0.682260
0.699420 0.699420 0.699420
0.607620 0.607620 0.607620
0.627240 0.627240 0.627240
0.726120 0.726120 0.726120
0.664860 0.664860 0.664860
0.684180 0.684180 0.684180
0.736440 0.736440 0.736440
0.649140 0.649140 0.649140
0.672960 0.672960 0.672960
0.675000 0.675000 0.675000
0.602460 0.602460 0.602460
0.689280 0.689280 0.689280
0.725280 0.725280 0.725280
0.726600 0.726600 0.726600
0.713280 0.713280 0.713280
0.652260 0.652260 0.652260
0.738780 0.738780 0.738780
0.749700 0.749700 0.749700
0.681840 0.681840 0.681840
0.754800 0.754800 0.754800
0.627840 0.627840 0.627840
0.714420 0.714420 0.714420
0.714000 0.714000 0.714000
0.659580 0.659580 0.659580
0.708840 0.708840 0.708840
0.693480 0.693480 0.693480
0.753540 0.753540 0.753540
0.629100 0.629100 0.629100
0.666300 0.666300 0.666300
0.709860 0.709860 0.709860
0.660360 0.660360 0.660360
0.654360 0.654360 0.654360
0.724980 0.724980 0.724980
0.662640 0.662640 0.662640
0.749040 0.749040 0.749040
0.675900 0.675900 0.675900
0.698340 0.698340 0.698340
0.671640 0.671640 0.671640
0.658860 0.658860 0.658860
0.690660 0.690660 0.690660
0.661020 0.661020 0.661020
0.639720 0.639720 0.639720
0.658800 0.658800 0.658800
0.625020 0.625020 0.625020
0.739860 0.739860 0.739860
0.718500 0.718500 0.718500
0.692280 0.692280 0.692280
0.717780 0.717780 0.717780
0.725100 0.725100 0.725100
0.713940 0.713940 0.713940
0.673860 0.673860 0.673860
0.744480 0.744480 0.744480
0.675120 0.675120 0.675120
0.645600 0.645600 0.645600
0.744660 0.744660 0.744660
0.642540 0.642540 0.642540
0.675180 0.675180 0.675180
0.693060 0.693060 0.693060
0.638880 0.638880 0.638880
0.675960 0.675960 0.675960
0.702060 0.702060 0.702060
0.670200 0.670200 0.670200
0.677040 0.677040 0.677040
0.671460 0.671460 0.671460
0.659640 0.659640 0.659640
0.683040 0.683040 0.683040
0.663540 0.663540 0.663540
0.613440 0.613440 0.613440
0.648720 0.648720 0.648720
0.719760 0.719760 0.719760
0.680280 0.680280 0.680280
0.601140 0.601140 0.601140
0.660840 0.660840 0.660840
0.654900 0.654900 0.654900
0.695760 0.695760 0.695760
0.691980 0.691980 0.691980
0.705300 0.705300 0.705300
0.622980 0.622980 0.622980
0.717420 0.717420 0.717420
0.626880 0.626880 0.626880
0.751380 0.751380 0.751380
0.691860 0.691860 0.691860
0.716760 0.716760 0.716760
0.618240 0.618240 0.618240
0.741060 0.741060 0.741060
0.604140 0.604140 0.604140
0.695820 0.695820 0.695820
0.605940 0.605940 0.605940
0.632280 0.632280 0.632280
0.749880 0.749880 0.749880
0.600540 0.600540 0.600540
0.640620 0.640620 0.640620
0.618780 0.618780 0.618780
0.710220 0.710220 0.710220
0.649320 0.649320 0.649320
0.747900 0.747900 0.747900
0.608040 0.608040 0.608040
0.702300 0.702300 0.702300
0.700500 0.700500 0.700500
0.600960 0.600960 0.600960
0.630060 0.630060 0.630060
0.700860 0.700860 0.700860
0.730320 0.730320 0.730320
0.729960 0.729960 0.729960
0.609900 0.609900 0.609900
0.736500 0.736500 0.736500
0.658740 0.658740 0.658740
0.692220 0.692220 0.692220
0.752340 0.752340 0.752340
0.686220 0.686220 0.686220
0.642360 0.642360 0.642360
0.662820 0.662820 0.662820
0.714300 0.714300 0.714300
0.637440 0.637440 0.637440
0.744780 0.744780 0.744780
0.654000 0.654000 0.654000
0.644820 0.644820 0.644820
0.715440 0.715440 0.715440
0.677820 0.677820 0.677820
0.671520 0.671520 0.671520
0.607800 0.607800 0.607800
0.746580 0.746580 0.746580
0.720600 0.720600 0.720600
0.617700 0.617700 0.617700
0.755640 0.755640 0.755640
0.621780 0.621780 0.621780
0.702840 0.702840 0.702840
0.672300 0.672300 0.672300
0.616380 0.616380 0.616380
0.748800 0.748800 0.748800
0.642000 0.642000 0.642000
0.755040 0.755040 0.755040
0.634920 0.634920 0.634920
0.744060 0.744060 0.744060
0.739080 0.739080 0.739080
0.705000 0.705000 0.705000
0.700740 0.700740 0.700740
0.637200 0.637200 0.637200
0.605820 0.605820 0.605820
0.666000 0.666000 0.666000
0.727980 0.727980 0.727980
0.624660 0.624660 0.624660
0.752460 0.752460 0.752460
0.734220 0.734220 0.734220
0.603600 0.603600 0.603600
0.750540 0.750540 0.750540
0.704040 0.704040 0.704040
0.734580 0.734580 0.734580
0.749160 0.749160 0.749160
0.636660 0.636660 0.636660
0.737940 0.737940 0.737940
0.636420 0.636420 0.636420
0.607920 0.607920 0.607920
0.633240 0.633240 0.633240
0.750900 0.750900 0.750900
0.670020 0.670020 0.670020
0.689640 0.689640 0.689640
0.642660 0.642660 0.642660
0.727320 0.727320 0.727320
0.701940 0.701940 0.701940
0.687420 0.687420 0.687420
0.650100 0.650100 0.650100
0.641160 0.641160 0.641160
0.696660 0.696660 0.696660
0.700260 0.700260 0.700260
0.678360 0.678360 0.678360
0.721980 0.721980 0.721980
0.713880 0.713880 0.713880
0.651180 0.651180 0.651180
0.664620 0.664620 0.664620
0.723420 0.723420 0.723420
0.635580 0.635580 0.635580
0.630540 0.630540 0.630540
0.682200 0.682200 0.682200
0.727500 0.727500 0.727500
0.643860 0.643860 0.643860
0.682740 0.682740 0.682740
0.605880 0.605880 0.605880
0.647160 0.647160 0.647160
0.654180 0.654180 0.654180
0.749760 0.749760 0.749760
0.658320 0.658320 0.658320
0.741720 0.741720 0.741720
0.631020 0.631020 0.631020
0.665760 0.665760 0.665760
0.626460 0.626460 0.626460
0.666840 0.666840 0.666840
0.750420 0.750420 0.750420
0.616800 0.616800 0.616800
0.646140 0.646140 0.646140
0.636300 0.636300 0.636300
0.655200 0.655200 0.655200
0.657600 0.657600 0.657600
0.682380 0.682380 0.682380
0.695340 0.695340 0.695340
0.635820 0.635820 0.635820
0.641760 0.641760 0.641760
0.622920 0.622920 0.622920
0.668100 0.668100 0.668100
0.710640 0.710640 0.710640
0.723660 0.723660 0.723660
0.720900 0.720900 0.720900
0.684660 0.684660 0.684660
0.713760 0.713760 0.713760
0.611280 0.611280 0.611280
0.754080 0.754080 0.754080
0.608400 0.608400 0.608400
0.693660 0.693660 0.693660
0.600420 0.600420 0.600420
0.654840 0.654840 0.654840
0.623940 0.623940 0.623940
0.742440 0.742440 0.742440
0.712860 0.712860 0.712860
0.607320 0.607320 0.607320
0.750840 0.750840 0.750840
0.606900 0.606900 0.606900
0.648240 0.648240 0.648240
0.657540 0.657540 0.657540
0.744540 0.744540 0.744540
0.621420 0.621420 0.621420
0.653460 0.653460 0.653460
0.720660 0.720660 0.720660
0.697380 0.697380 0.697380
0.722700 0.722700 0.722700
0.628080 0.628080 0.628080
0.603180 0.603180 0.603180
0.736800 0.736800 0.736800
0.651300 0.651300 0.651300
0.745500 0.745500 0.745500
0.748440 0.748440 0.748440
0.630000 0.630000 0.630000
0.743160 0.743160 0.743160
0.712260 0.712260 0.712260
0.607500 0.607500 0.607500
0.687780 0.687780 0.687780
0.703920 0.703920 0.703920
0.651960 0.651960 0.651960
0.648120 0.648120 0.648120
0.654780 0.654780 0.654780
0.629520 0.629520 0.629520
0.630480 0.630480 0.630480
0.616440 0.616440 0.616440
0.629400 0.629400 0.629400
0.721140 0.721140 0.721140
0.631200 0.631200 0.631200
0.688020 0.688020 0.688020
0.624480 0.624480 0.624480
0.712200 0.712200 0.712200
0.703080 0.703080 0.703080
0.646560 0.646560 0.646560
0.641880 0.641880 0.641880
0.740340 0.740340 0.740340
0.604860 0.604860 0.604860
0.691440 0.691440 0.691440
0.643440 0.643440 0.643440
0.616620 0.616620 0.616620
0.714360 0.714360 0.714360
0.683280 0.683280 0.683280
0.671580 0.671580 0.671580
0.748080 0.748080 0.748080
0.659040 0.659040 0.659040
0.727740 0.727740 0.727740
0.619080 0.619080 0.619080
0.629640 0.629640 0.629640
0.655860 0.655860 0.655860
0.664740 0.664740 0.664740
0.684780 0.684780 0.684780
0.640140 0.640140 0.640140
0.696780 0.696780 0.696780
0.608160 0.608160 0.608160
0.611040 0.611040 0.611040
0.734160 0.734160 0.734160
0.676800 0.676800 0.676800
0.623880 0.623880 0.623880
0.691800 0.691800 0.691800
0.706260 0.706260 0.706260
0.631440 0.631440 0.631440
0.752280 0.752280 0.752280
0.617880 0.617880 0.617880
0.723240 0.723240 0.723240
0.630720 0.630720 0.630720
0.621000 0.621000 0.621000
0.638340 0.638340 0.638340
0.656940 0.656940 0.656940
0.694140 0.694140 0.694140
0.683820 0.683820 0.683820
0.687060 0.687060 0.687060
0.742860 0.742860 0.742860
0.731460 0.731460 0.731460
0.660600 0.660600 0.660600
0.687120 0.687120 0.687120
0.669960 0.669960 0.669960
0.678120 0.678120 0.678120
0.736920 0.736920 0.736920
0.751560 0.751560 0.751560
0.632340 0.632340 0.632340
0.601860 0.601860 0.601860
0.718620 0.718620 0.718620
0.713460 0.713460 0.713460
0.643020 0.643020 0.643020
0.605160 0.605160 0.605160
0.644160 0.644160 0.644160
0.692400 0.692400 0.692400
0.723540 0.723540 0.723540
0.721200 0.721200 0.721200
0.622740 0.622740 0.622740
0.667920 0.667920 0.667920
0.620880 0.620880 0.620880
0.736380 0.736380 0.736380
0.735300 0.735300 0.735300
0.625560 0.625560 0.625560
0.646080 0.646080 0.646080
0.736740 0.736740 0.736740
0.721740 0.721740 0.721740
0.614220 0.614220 0.614220
0.679380 0.679380 0.679380
0.657000 0.657000 0.657000
0.642480 0.642480 0.642480
0.681240 0.681240 0.681240
0.747000 0.747000 0.747000
0.680460 0.680460 0.680460
0.662220 0.662220 0.662220
0.615660 0.615660 0.615660
0.715260 0.715260 0.715260
0.606600 0.606600 0.606600
0.606540 0.606540 0.606540
0.720120 0.720120 0.720120
0.705180 0.705180 0.705180
0.638040 0.638040 0.638040
0.728640 0.728640 0.728640
0.716880 0.716880 0.716880
0.656580 0.656580 0.656580
0.694260 0.694260 0.694260
0.622620 0.622620 0.622620
0.615960 0.615960 0.615960
0.752100 0.752100 0.752100
0.601980 0.601980 0.601980
0.748200 0.748200 0.748200
0.665580 0.665580 0.665580
0.645240 0.645240 0.645240
0.755400 0.755400 0.755400
0.656700 0.656700 0.656700
0.718860 0.718860 0.718860
0.698160 0.698160 0.698160
0.691680 0.691680 0.691680
0.726000 0.726000 0.726000
0.616260 0.616260 0.616260
0.639240 0.639240 0.639240
0.607740 0.607740 0.607740
0.693720 0.693720 0.693720
0.746820 0.746820 0.746820
0.619620 0.619620 0.619620
0.672240 0.672240 0.672240
0.749340 0.749340 0.749340
0.706860 0.706860 0.706860
0.663000 0.663000 0.663000
0.610020 0.610020 0.610020
0.640320 0.640320 0.640320
0.676980 0.676980 0.676980
0.685380 0.685380 0.685380
0.708060 0.708060 0.708060
0.622560 0.622560 0.622560
0.651720 0.651720 0.651720
0.716160 0.716160 0.716160
0.680340 0.680340 0.680340
0.730020 0.730020 0.730020
0.653880 0.653880 0.653880
0.738300 0.738300 0.738300
0.614100 0.614100 0.614100
0.704400 0.704400 0.704400
0.655500 0.655500 0.655500
0.622680 0.622680 0.622680
0.638940 0.638940 0.638940
0.615780 0.615780 0.615780
0.701220 0.701220 0.701220
0.686460 0.686460 0.686460
0.667380 0.667380 0.667380
0.658200 0.658200 0.658200
0.728520 0.728520 0.728520
0.633000 0.633000 0.633000
0.705960 0.705960 0.705960
0.601740 0.601740 0.601740
0.602940 0.602940 0.602940
0.698280 0.698280 0.698280
0.601380 0.601380 0.601380
0.623700 0.623700 0.623700
0.690060 0.690060 0.690060
0.682320 0.682320 0.682320
0.671820 0.671820 0.671820
0.659340 0.659340 0.659340
0.650040 0.650040 0.650040
0.601020 0.601020 0.601020
0.691620 0.691620 0.691620
0.608520 0.608520 0.608520
0.730800 0.730800 0.730800
0.658440 0.658440 0.658440
0.680580 0.680580 0.680580
0.615120 0.615120 0.615120
0.621840 0.621840 0.621840
0.648600 0.648600 0.648600
0.633060 0.633060 0.633060
0.679920 0.679920 0.679920
0.719400 0.719400 0.719400
0.667740 0.667740 0.667740
0.604620 0.604620 0.604620
0.714480 0.714480 0.714480
0.675480 0.675480 0.675480
0.684360 0.684360 0.684360
0.635040 0.635040 0.635040
0.610140 0.610140 0.610140
0.612180 0.612180 0.612180
0.728460 0.728460 0.728460
0.604800 0.604800 0.604800
0.719160 0.719160 0.719160
0.697320 0.697320 0.697320
0.643620 0.643620 0.643620
0.628200 0.628200 0.628200
0.601680 0.601680 0.601680
0.627720 0.627720 0.627720
0.659760 0.659760 0.659760
0.671100 0.671100 0.671100
0.750240 0.750240 0.750240
0.715800 0.715800 0.715800
0.682140 0.682140 0.682140
0.677160 0.677160 0.677160
0.748140 0.748140 0.748140
0.711780 0.711780 0.711780
0.741600 0.741600 0.741600
0.682080 0.682080 0.682080
0.682620 0.682620 0.682620
0.606120 0.606120 0.606120
0.644760 0.644760 0.644760
0.676920 0.676920 0.676920
0.696420 0.696420 0.696420
0.696840 0.696840 0.696840
0.737280 0.737280 0.737280
0.694320 0.694320 0.694320
0.617640 0.617640 0.617640
0.749640 0.749640 0.749640
0.638820 0.638820 0.638820
0.664380 0.664380 0.664380
0.621480 0.621480 0.621480
0.614700 0.614700 0.614700
0.622260 0.622260 0.622260
0.634620 0.634620 0.634620
0.745980 0.745980 0.745980
0.666780 0.666780 0.666780
0.694200 0.694200 0.694200
0.608460 0.608460 0.608460
0.700620 0.700620 0.700620
0.653580 0.653580 0.653580
0.747660 0.747660 0.747660
0.742800 0.742800 0.742800
0.636720 0.636720 0.636720
0.747120 0.747120 0.747120
0.722160 0.722160 0.722160
0.719040 0.719040 0.719040
0.635640 0.635640 0.635640
0.711180 0.711180 0.711180
0.651360 0.651360 0.651360
0.751500 0.751500 0.751500
0.712320 0.712320 0.712320
0.624540 0.624540 0.624540
0.620220 0.620220 0.620220
0.668520 0.668520 0.668520
0.697800 0.697800 0.697800
0.638460 0.638460 0.638460
0.690840 0.690840 0.690840
0.606720 0.606720 0.606720
0.607020 0.607020 0.607020
0.694080 0.694080 0.694080
0.645480 0.645480 0.645480
0.723180 0.723180 0.723180
0.742380 0.742380 0.742380
0.704580 0.704580 0.704580
0.716400 0.716400 0.716400
0.716340 0.716340 0.716340
0.715920 0.715920 0.715920
0.689520 0.689520 0.689520
0.712980 0.712980 0.712980
0.742080 0.742080 0.742080
0.617520 0.617520 0.617520
0.679980 0.679980 0.679980
0.640680 0.640680 0.640680
0.604080 0.604080 0.604080
0.652500 0.652500 0.652500
0.690240 0.690240 0.690240
0.722400 0.722400 0.722400
0.673980 0.673980 0.673980
0.608580 0.608580 0.608580
0.666540 0.666540 0.666540
0.690180 0.690180 0.690180
0.628140 0.628140 0.628140
0.750960 0.750960 0.750960
0.670680 0.670680 0.670680
0.649020 0.649020 0.649020
0.688500 0.688500 0.688500
0.619560 0.619560 0.619560
0.731940 0.731940 0.731940
0.686640 0.686640 0.686640
0.702900 0.702900 0.702900
0.738660 0.738660 0.738660
0.616980 0.616980 0.616980
0.617220 0.617220 0.617220
0.605640 0.605640 0.605640
0.660000 0.660000 0.660000
0.741900 0.741900 0.741900
0.670500 0.670500 0.670500
0.624120 0.624120 0.624120
0.628380 0.628380 0.628380
0.750480 0.750480 0.750480
0.612660 0.612660 0.612660
0.657360 0.657360 0.657360
0.678660 0.678660 0.678660
0.735540 0.735540 0.735540
0.638280 0.638280 0.638280
0.726660 0.726660 0.726660
0.736980 0.736980 0.736980
0.731820 0.731820 0.731820
0.704160 0.704160 0.704160
0.670380 0.670380 0.670380
0.612840 0.612840 0.612840
0.706140 0.706140 0.706140
0.722100 0.722100 0.722100
0.721020 0.721020 0.721020
0.745320 0.745320 0.745320
0.630180 0.630180 0.630180
0.615600 0.615600 0.615600
0.725400 0.725400 0.725400
0.616140 0.616140 0.616140
0.661320 0.661320 0.661320
0.725040 0.725040 0.725040
0.721080 0.721080 0.721080
0.675780 0.675780 0.675780
0.705540 0.705540 0.705540
0.613200 0.613200 0.613200
0.647460 0.647460 0.647460
0.718920 0.718920 0.718920
0.704100 0.704100 0.704100
0.710160 0.710160 0.710160
0.675600 0.675600 0.675600
0.628920 0.628920 0.628920
0.694800 0.694800 0.694800
0.695040 0.695040 0.695040
0.650340 0.650340 0.650340
0.663900 0.663900 0.663900
0.740400 0.740400 0.740400
0.711900 0.711900 0.711900
0.727920 0.727920 0.727920
0.738540 0.738540 0.738540
0.624420 0.624420 0.624420
0.607680 0.607680 0.607680
0.612300 0.612300 0.612300
0.752040 0.752040 0.752040
0.755520 0.755520 0.755520
0.700380 0.700380 0.700380
0.692640 0.692640 0.692640
0.619140 0.619140 0.619140
0.635700 0.635700 0.635700
0.614400 0.614400 0.614400
0.673380 0.673380 0.673380
0.637680 0.637680 0.637680
0.652920 0.652920 0.652920
0.723300 0.723300 0.723300
0.755880 0.755880 0.755880
0.716220 0.716220 0.716220
0.740940 0.740940 0.740940
0.688140 0.688140 0.688140
0.652140 0.652140 0.652140
0.684600 0.684600 0.684600
0.708120 0.708120 0.708120
0.667020 0.667020 0.667020
0.660960 0.660960 0.660960
0.694500 0.694500 0.694500
0.653640 0.653640 0.653640
0.700440 0.700440 0.700440
0.736320 0.736320 0.736320
0.668820 0.668820 0.668820
0.741120 0.741120 0.741120
0.721800 0.721800 0.721800
0.689160 0.689160 0.689160
0.754020 0.754020 0.754020
0.652080 0.652080 0.652080
0.661080 0.661080 0.661080
0.610380 0.610380 0.610380
0.681120 0.681120 0.681120
0.753900 0.753900 0.753900
0.740880 0.740880 0.740880
0.739680 0.739680 0.739680
0.606780 0.606780 0.606780
0.615420 0.615420 0.615420
0.722040 0.722040 0.722040
0.674340 0.674340 0.674340
0.740220 0.740220 0.740220
0.641940 0.641940 0.641940
0.718980 0.718980 0.718980
0.693900 0.693900 0.693900
0.640860 0.640860 0.640860
0.716100 0.716100 0.716100
0.680400 0.680400 0.680400
0.740580 0.740580 0.740580
0.740040 0.740040 0.740040
0.734340 0.734340 0.734340
0.663480 0.663480 0.663480
0.638640 0.638640 0.638640
0.732780 0.732780 0.732780
0.717120 0.717120 0.717120
0.624180 0.624180 0.624180
0.723360 0.723360 0.723360
0.668340 0.668340 0.668340
0.636360 0.636360 0.636360
0.625320 0.625320 0.625320
0.751980 0.751980 0.751980
0.692700 0.692700 0.692700
0.685740 0.685740 0.685740
0.735360 0.735360 0.735360
0.659400 0.659400 0.659400
0.628440 0.628440 0.628440
0.704280 0.704280 0.704280
0.661620 0.661620 0.661620
0.731640 0.731640 0.731640
0.626220 0.626220 0.626220
0.655800 0.655800 0.655800
0.699840 0.699840 0.699840
0.686700 0.686700 0.686700
0.649500 0.649500 0.649500
0.678780 0.678780 0.678780
0.744960 0.744960 0.744960
0.656820 0.656820 0.656820
0.601620 0.601620 0.601620
0.702240 0.702240 0.702240
0.603780 0.603780 0.603780
0.709500 0.709500 0.709500
0.621600 0.621600 0.621600
0.743940 0.743940 0.743940
0.737640 0.737640 0.737640
0.618000 0.618000 0.618000
0.632160 0.632160 0.632160
0.742500 0.742500 0.742500
0.634260 0.634260 0.634260
0.691260 0.691260 0.691260
0.666180 0.666180 0.666180
0.618600 0.618600 0.618600
0.650160 0.650160 0.650160
0.753840 0.753840 0.753840
0.733380 0.733380 0.733380
0.654480 0.654480 0.654480
0.685860 0.685860 0.685860
0.715020 0.715020 0.715020
0.680940 0.680940 0.680940
0.720420 0.720420 0.720420
0.644580 0.644580 0.644580
0.733260 0.733260 0.733260
0.647100 0.647100 0.647100
0.663660 0.663660 0.663660
0.629760 0.629760 0.629760
0.706680 0.706680 0.706680
0.637320 0.637320 0.637320
0.704520 0.704520 0.704520
0.727200 0.727200 0.727200
0.653160 0.653160 0.653160
0.655920 0.655920 0.655920
0.745200 0.745200 0.745200
0.693180 0.693180 0.693180
0.620520 0.620520 0.620520
0.699120 0.699120 0.699120
0.686520 0.686520 0.686520
0.694020 0.694020 0.694020
0.701100 0.701100 0.701100
0.713400 0.713400 0.713400
0.648480 0.648480 0.648480
0.685980 0.685980 0.685980
0.608880 0.608880 0.608880
0.693540 0.693540 0.693540
0.622380 0.622380 0.622380
0.626400 0.626400 0.626400
0.670920 0.670920 0.670920
0.654300 0.654300 0.654300
0.693420 0.693420 0.693420
0.678840 0.678840 0.678840
0.718380 0.718380 0.718380
0.612960 0.612960 0.612960
0.623400 0.623400 0.623400
0.618360 0.618360 0.618360
0.630840 0.630840 0.630840
0.672120 0.672120 0.672120
0.650700 0.650700 0.650700
0.647040 0.647040 0.647040
0.620460 0.620460 0.620460
0.668460 0.668460 0.668460
0.667980 0.667980 0.667980
0.721920 0.721920 0.721920
0.707220 0.707220 0.707220
0.639480 0.639480 0.639480
0.711000 0.711000 0.711000
0.734640 0.734640 0.734640
0.634020 0.634020 0.634020
0.627120 0.627120 0.627120
0.652440 0.652440 0.652440
0.734100 0.734100 0.734100
0.711120 0.711120 0.711120
0.704940 0.704940 0.704940
0.703860 0.703860 0.703860
0.671760 0.671760 0.671760
0.645720 0.645720 0.645720
0.691320 0.691320 0.691320
0.683160 0.683160 0.683160
0.633540 0.633540 0.633540
0.672060 0.672060 0.672060
0.638700 0.638700 0.638700
0.661260 0.661260 0.661260
0.696000 0.696000 0.696000
0.645840 0.645840 0.645840
0.721380 0.721380 0.721380
0.627960 0.627960 0.627960
0.621660 0.621660 0.621660
0.731760 0.731760 0.731760
0.651840 0.651840 0.651840
0.679440 0.679440 0.679440
0.618540 0.618540 0.618540
0.737400 0.737400 0.737400
0.725940 0.725940 0.725940
0.690000 0.690000 0.690000
0.743340 0.743340 0.743340
0.667800 0.667800 0.667800
0.659460 0.659460 0.659460
0.657060 0.657060 0.657060
0.735840 0.735840 0.735840
0.643800 0.643800 0.643800
0.643140 0.643140 0.643140
0.695520 0.695520 0.695520
0.735240 0.735240 0.735240
0.666960 0.666960 0.666960
0.641280 0.641280 0.641280
0.689040 0.689040 0.689040
0.640200 0.640200 0.640200
0.731160 0.731160 0.731160
0.643200 0.643200 0.643200
0.686760 0.686760 0.686760
0.622320 0.622320 0.622320
0.726240 0.726240 0.726240
0.711600 0.711600 0.711600
0.732180 0.732180 0.732180
0.698580 0.698580 0.698580
0.624000 0.624000 0.624000
0.726360 0.726360 0.726360
0.614460 0.614460 0.614460
0.701580 0.701580 0.701580
0.679020 0.679020 0.679020
0.733920 0.733920 0.733920
0.746760 0.746760 0.746760
0.618840 0.618840 0.618840
0.738000 0.738000 0.738000
0.752220 0.752220 0.752220
0.710280 0.710280 0.710280
0.699780 0.699780 0.699780
0.714120 0.714120 0.714120
0.604380 0.604380 0.604380
0.644700 0.644700 0.644700
0.709200 0.709200 0.709200
0.674520 0.674520 0.674520
0.616080 0.616080 0.616080
0.635880 0.635880 0.635880
0.651780 0.651780 0.651780
0.729180 0.729180 0.729180
0.616500 0.616500 0.616500
0.748620 0.748620 0.748620
0.664500 0.664500 0.664500
0.626160 0.626160 0.626160
0.704220 0.704220 0.704220
0.627540 0.627540 0.627540
0.626520 0.626520 0.626520
0.707640 0.707640 0.707640
0.661140 0.661140 0.661140
0.713100 0.713100 0.713100
0.720360 0.720360 0.720360
0.631260 0.631260 0.631260
0.732600 0.732600 0.732600
0.682020 0.682020 0.682020
0.696060 0.696060 0.696060
0.700680 0.700680 0.700680
0.600840 0.600840 0.600840
0.748500 0.748500 0.748500
0.705420 0.705420 0.705420
0.700140 0.700140 0.700140
0.666900 0.666900 0.666900
0.744900 0.744900 0.744900
0.656640 0.656640 0.656640
0.717720 0.717720 0.717720
0.647340 0.647340 0.647340
0.630300 0.630300 0.630300
0.667200 0.667200 0.667200
0.717240 0.717240 0.717240
0.719700 0.719700 0.719700
0.724500 0.724500 0.724500
0.617400 0.617400 0.617400
0.688200 0.688200 0.688200
0.649860 0.649860 0.649860
0.699600 0.699600 0.699600
0.745620 0.745620 0.745620
0.696960 0.696960 0.696960
0.650880 0.650880 0.650880
0.728880 0.728880 0.728880
0.678540 0.678540 0.678540
0.745800 0.745800 0.745800
0.610740 0.610740 0.610740
0.751320 0.751320 0.751320
0.633720 0.633720 0.633720
0.613860 0.613860 0.613860
0.681540 0.681540 0.681540
0.622080 0.622080 0.622080
0.614580 0.614580 0.614580
0.620040 0.620040 0.620040
0.643680 0.643680 0.643680
0.655080 0.655080 0.655080
0.610680 0.610680 0.610680
0.636000 0.636000 0.636000
0.680880 0.680880 0.680880
0.635400 0.635400 0.635400
0.718140 0.718140 0.718140
0.613560 0.613560 0.613560
0.718020 0.718020 0.718020
0.747540 0.747540 0.747540
0.673080 0.673080 0.673080
0.648960 0.648960 0.648960
0.641580 0.641580 0.641580
0.632640 0.632640 0.632640
0.646020 0.646020 0.646020
0.672180 0.672180 0.672180
0.708360 0.708360 0.708360
0.628560 0.628560 0.628560
0.624060 0.624060 0.624060
0.678960 0.678960 0.678960
0.648360 0.648360 0.648360
0.623640 0.623640 0.623640
0.736680 0.736680 0.736680
0.675240 0.675240 0.675240
0.671280 0.671280 0.671280
0.715200 0.715200 0.715200
0.602520 0.602520 0.602520
0.716460 0.716460 0.716460
0.704640 0.704640 0.704640
0.696300 0.696300 0.696300
0.739740 0.739740 0.739740
0.699660 0.699660 0.699660
0.698760 0.698760 0.698760
0.610500 0.610500 0.610500
0.617760 0.617760 0.617760
0.714060 0.714060 0.714060
0.724320 0.724320 0.724320
0.712140 0.712140 0.712140
0.704460 0.704460 0.704460
0.613020 0.613020 0.613020
0.744240 0.744240 0.744240
0.616020 0.616020 0.616020
0.713700 0.713700 0.713700
0.647580 0.647580 0.647580
0.641100 0.641100 0.641100
0.720060 0.720060 0.720060
0.600900 0.600900 0.600900
0.617580 0.617580 0.617580
0.740280 0.740280 0.740280
0.719520 0.719520 0.719520
0.671040 0.671040 0.671040
0.647280 0.647280 0.647280
0.667860 0.667860 0.667860
0.655560 0.655560 0.655560
0.607260 0.607260 0.607260
0.664200 0.664200 0.664200
0.737580 0.737580 0.737580
0.755460 0.755460 0.755460
0.729300 0.729300 0.729300
0.697140 0.697140 0.697140
0.726720 0.726720 0.726720
0.750780 0.750780 0.750780
0.737880 0.737880 0.737880
0.711060 0.711060 0.711060
0.657120 0.657120 0.657120
0.741960 0.741960 0.741960
0.600360 0.600360 0.600360
0.729120 0.729120 0.729120
0.707820 0.707820 0.707820
0.621180 0.621180 0.621180
0.727440 0.727440 0.727440
0.685680 0.685680 0.685680
0.676140 0.676140 0.676140
0.691080 0.691080 0.691080
0.657180 0.657180 0.657180
0.611760 0.611760 0.611760
0.755100 0.755100 0.755100
0.753180 0.753180 0.753180
0.747300 0.747300 0.747300
0.746100 0.746100 0.746100
0.691200 0.691200 0.691200
0.602700 0.602700 0.602700
0.682800 0.682800 0.682800
0.754980 0.754980 0.754980
0.754200 0.754200 0.754200
0.701460 0.701460 0.701460
0.690960 0.690960 0.690960
0.691920 0.691920 0.691920
0.621300 0.621300 0.621300
0.693960 0.693960 0.693960
0.674280 0.674280 0.674280
0.649620 0.649620 0.649620
0.751200 0.751200 0.751200
0.689220 0.689220 0.689220
0.713520 0.713520 0.713520
0.715980 0.715980 0.715980
0.701700 0.701700 0.701700
0.748020 0.748020 0.748020
0.700320 0.700320 0.700320
0.745080 0.745080 0.745080
0.694860 0.694860 0.694860
0.692040 0.692040 0.692040
0.636540 0.636540 0.636540
0.740700 0.740700 0.740700
0.608760 0.608760 0.608760
0.632400 0.632400 0.632400
0.602760 0.602760 0.602760
0.743760 0.743760 0.743760
0.722340 0.722340 0.722340
0.601800 0.601800 0.601800
0.707100 0.707100 0.707100
0.653940 0.653940 0.653940
0.666240 0.666240 0.666240
0.637980 0.637980 0.637980
0.741840 0.741840 0.741840
0.668040 0.668040 0.668040
0.603000 0.603000 0.603000
0.623220 0.623220 0.623220
0.641340 0.641340 0.641340
0.744360 0.744360 0.744360
0.731880 0.731880 0.731880
0.695580 0.695580 0.695580
0.714960 0.714960 0.714960
0.672840 0.672840 0.672840
0.751920 0.751920 0.751920
0.747960 0.747960 0.747960
0.726300 0.726300 0.726300
0.715380 0.715380 0.715380
0.652860 0.652860 0.652860
0.613320 0.613320 0.613320
0.619980 0.619980 0.619980
0.691380 0.691380 0.691380
0.714900 0.714900 0.714900
0.708720 0.708720 0.708720
0.617460 0.617460 0.617460
0.733620 0.733620 0.733620
0.702780 0.702780 0.702780
0.738900 0.738900 0.738900
0.713580 0.713580 0.713580
0.688320 0.688320 0.688320
0.745860 0.745860 0.745860
0.670860 0.670860 0.670860
0.705360 0.705360 0.705360
0.727860 0.727860 0.727860
0.693000 0.693000 0.693000
0.619200 0.619200 0.619200
0.686940 0.686940 0.686940
0.611820 0.611820 0.611820
0.660420 0.660420 0.660420
0.645780 0.645780 0.645780
0.686880 0.686880 0.686880
0.618480 0.618480 0.618480
0.703020 0.703020 0.703020
0.646500 0.646500 0.646500
0.640260 0.640260 0.640260
0.705720 0.705720 0.705720
0.672780 0.672780 0.672780
0.641040 0.641040 0.641040
0.621060 0.621060 0.621060
0.611340 0.611340 0.611340
0.711420 0.711420 0.711420
0.669840 0.669840 0.669840
0.719640 0.719640 0.719640
0.708240 0.708240 0.708240
0.669900 0.669900 0.669900
0.724620 0.724620 0.724620
0.752940 0.752940 0.752940
0.707280 0.707280 0.707280
0.625200 0.625200 0.625200
0.604200 0.604200 0.604200
0.707700 0.707700 0.707700
0.751140 0.751140 0.751140
0.707400 0.707400 0.707400
0.611520 0.611520 0.611520
0.657480 0.657480 0.657480
0.732660 0.732660 0.732660
0.700020 0.700020 0.700020
0.678480 0.678480 0.678480
0.639120 0.639120 0.639120
0.627060 0.627060 0.627060
0.678300 0.678300 0.678300
0.639540 0.639540 0.639540
0.628260 0.628260 0.628260
0.697080 0.697080 0.697080
0.735720 0.735720 0.735720
0.687300 0.687300 0.687300
0.672900 0.672900 0.672900
0.703260 0.703260 0.703260
0.681720 0.681720 0.681720
0.716040 0.716040 0.716040
0.620700 0.620700 0.620700
0.751680 0.751680 0.751680
0.688080 0.688080 0.688080
0.639900 0.639900 0.639900
0.739620 0.739620 0.739620
0.665280 0.665280 0.665280
0.648840 0.648840 0.648840
0.753420 0.753420 0.753420
0.609180 0.609180 0.609180
0.697560 0.697560 0.697560
0.671340 0.671340 0.671340
0.602220 0.602220 0.602220
0.609420 0.609420 0.609420
0.750300 0.750300 0.750300
0.655740 0.655740 0.655740
0.678420 0.678420 0.678420
0.644520 0.644520 0.644520
0.749280 0.749280 0.749280
0.689460 0.689460 0.689460
0.609660 0.609660 0.609660
0.654120 0.654120 0.654120
0.745680 0.745680 0.745680
0.635940 0.635940 0.635940
0.693120 0.693120 0.693120
0.738180 0.738180 0.738180
0.755280 0.755280 0.755280
0.697260 0.697260 0.697260
0.621120 0.621120 0.621120
0.640560 0.640560 0.640560
0.715680 0.715680 0.715680
0.665820 0.665820 0.665820
0.750000 0.750000 0.750000
0.723900 0.723900 0.723900
0.721320 0.721320 0.721320
0.656520 0.656520 0.656520
0.707460 0.707460 0.707460
0.722940 0.722940 0.722940
0.754560 0.754560 0.754560
0.662760 0.662760 0.662760
0.629580 0.629580 0.629580
0.633900 0.633900 0.633900
0.670440 0.670440 0.670440
0.672000 0.672000 0.672000
0.733020 0.733020 0.733020
0.695220 0.695220 0.695220
0.751260 0.751260 0.751260
0.623100 0.623100 0.623100
0.647400 0.647400 0.647400
0.721680 0.721680 0.721680
0.633180 0.633180 0.633180
0.634980 0.634980 0.634980
0.733980 0.733980 0.733980
0.753360 0.753360 0.753360
0.703620 0.703620 0.703620
0.697920 0.697920 0.697920
0.600300 0.600300 0.600300
0.661860 0.661860 0.661860
0.671880 0.671880 0.671880
0.718200 0.718200 0.718200
0.705240 0.705240 0.705240
0.740640 0.740640 0.740640
0.601560 0.601560 0.601560
0.632520 0.632520 0.632520
0.626040 0.626040 0.626040
0.609000 0.609000 0.609000
0.632220 0.632220 0.632220
0.641400 0.641400 0.641400
0.660540 0.660540 0.660540
0.687540 0.687540 0.687540
0.616740 0.616740 0.616740
0.666420 0.666420 0.666420
0.727140 0.727140 0.727140
0.652680 0.652680 0.652680
0.712620 0.712620 0.712620
0.670560 0.670560 0.670560
0.733080 0.733080 0.733080
0.615540 0.615540 0.615540
0.664440 0.664440 0.664440
0.753000 0.753000 0.753000
0.673920 0.673920 0.673920
0.615300 0.615300 0.615300
0.604740 0.604740 0.604740
0.730200 0.730200 0.730200
0.615180 0.615180 0.615180
0.668400 0.668400 0.668400
0.730380 0.730380 0.730380
0.657240 0.657240 0.657240
0.649920 0.649920 0.649920
0.699240 0.699240 0.699240
0.646440 0.646440 0.646440
0.607860 0.607860 0.607860
0.614160 0.614160 0.614160
0.718440 0.718440 0.718440
0.640500 0.640500 0.640500
0.655620 0.655620 0.655620
0.718680 0.718680 0.718680
0.610200 0.610200 0.610200
0.665700 0.665700 0.665700
0.713160 0.713160 0.713160
0.700080 0.700080 0.700080
0.632460 0.632460 0.632460
0.656100 0.656100 0.656100
0.647940 0.647940 0.647940
0.623820 0.623820 0.623820
0.735120 0.735120 0.735120
