20
0.690000 0.690000 0.690000
0.855000 0.855000 0.855000
0.615000 0.615000 0.615000
0.630000 0.630000 0.630000
0.885000 0.885000 0.885000
0.600000 0.600000 0.600000
0.705000 0.705000 0.705000
0.720000 0.720000 0.720000
0.765000 0.765000 0.765000
0.660000 0.660000 0.660000
0.735000 0.735000 0.735000
0.780000 0.780000 0.780000
0.750000 0.750000 0.750000
0.825000 0.825000 0.825000
0.795000 0.795000 0.795000
0.840000 0.840000 0.840000
0.675000 0.675000 0.675000
0.870000 0.870000 0.870000
0.810000 0.810000 0.810000
0.645000 0.645000 0.645000
