20
0.679836 0.542801 0.551078
0.842983 0.742680 0.813546
0.621190 0.831367 0.644774
0.573611 0.710656 0.599561
0.660474 0.542573 0.863492
0.935826 0.923068 0.592835
0.710387 0.559522 0.555102
0.533333 0.915554 0.958279
0.558340 0.789615 0.568855
0.772074 0.758344 0.822250
0.555755 0.861632 0.520059
0.625189 0.774664 0.616335
0.732689 0.687229 0.638911
0.581565 0.572941 0.792080
0.826494 0.987714 0.743222
0.744594 0.673841 0.812316
0.918991 0.616133 0.867812
0.692486 0.542323 0.821549
0.888581 0.828518 0.582338
0.987761 0.888851 0.908452
