20
0.747756 0.642319 0.569011
0.556423 0.772266 0.755868
0.514339 0.583412 0.660649
0.675496 0.705229 0.544096
0.678271 0.663318 0.571389
0.842022 0.738910 0.698524
0.605403 0.879344 0.840328
0.796699 0.954730 0.813930
0.871447 0.690473 0.880350
0.579564 0.879689 0.736052
0.571137 0.532766 0.936874
0.622235 0.807400 0.632252
0.777473 0.892142 0.962822
0.673077 0.708456 0.570999
0.757113 0.634282 0.610887
0.579407 0.848634 0.925978
0.932276 0.591703 0.658759
0.945931 0.652785 0.737563
0.803432 0.860415 0.956237
0.889370 0.538176 0.534113
